0 0.031875 0.255159 0.061250 0.112570
0 0.294375 0.277674 0.071250 0.120075
0 0.356875 0.303002 0.058750 0.106942
0 0.386250 0.308630 0.032500 0.076923
0 0.501250 0.273921 0.057500 0.097561
0 0.668750 0.340525 0.047500 0.088180
0 0.717500 0.292683 0.055000 0.108818
1 0.143125 0.313321 0.051250 0.078799
1 0.251875 0.289869 0.033750 0.065666
1 0.623125 0.342402 0.051250 0.095685
1 0.617500 0.285178 0.047500 0.060038
0 0.766250 0.285178 0.050000 0.086304
1 0.861875 0.281426 0.046250 0.090056
1 0.908125 0.290807 0.043750 0.082552
