0 0.446364 0.273058 0.070909 0.128641
0 0.831818 0.459951 0.125455 0.133495
1 0.176364 0.355583 0.160000 0.230583
1 0.733636 0.461165 0.100000 0.140777
1 0.648182 0.501214 0.096364 0.162621
1 0.587273 0.337379 0.101818 0.155340
1 0.710000 0.294903 0.081818 0.143204
1 0.652727 0.349515 0.069091 0.116505
1 0.890909 0.308252 0.050909 0.077670
1 0.940909 0.264563 0.041818 0.063107
1 0.850909 0.263350 0.040000 0.065534
1 0.775455 0.245146 0.030909 0.053398
1 0.349091 0.405340 0.094545 0.155340
1 0.284545 0.325243 0.107273 0.174757
1 0.782727 0.291262 0.041818 0.063107
1 0.921818 0.299757 0.047273 0.075243
1 0.831818 0.364078 0.085455 0.101942
