0 0.183750 0.378987 0.085000 0.157598
1 0.404375 0.375235 0.058750 0.093809
1 0.666250 0.374296 0.047500 0.084428
1 0.738125 0.332083 0.056250 0.105066
1 0.815625 0.326454 0.063750 0.120075
1 0.893750 0.400563 0.062500 0.095685
1 0.968125 0.328330 0.063750 0.123827
0 0.783750 0.333959 0.032500 0.086304
1 0.601250 0.386492 0.067500 0.112570
1 0.532500 0.363039 0.087500 0.136961
1 0.225000 0.382739 0.042500 0.086304
0 0.121250 0.393996 0.037500 0.075047
0 0.014375 0.385553 0.026250 0.058161
1 0.087500 0.323640 0.052500 0.084428
