0 0.457639 0.299074 0.065278 0.101852
0 0.618750 0.285185 0.068056 0.111111
0 0.938889 0.151852 0.097222 0.137037
0 0.843056 0.170370 0.019444 0.025926
0 0.872917 0.171296 0.018056 0.031481
0 0.077083 0.143519 0.031944 0.057407
0 0.105556 0.153704 0.025000 0.048148
0 0.124306 0.163889 0.026389 0.038889
0 0.154167 0.144444 0.027778 0.048148
0 0.181250 0.151852 0.026389 0.044444
0 0.206944 0.147222 0.027778 0.046296
0 0.252083 0.158333 0.029167 0.050000
0 0.279861 0.159259 0.020833 0.044444
0 0.422917 0.132407 0.015278 0.027778
0 0.511806 0.138889 0.018056 0.029630
0 0.554167 0.148148 0.016667 0.029630
0 0.588889 0.144444 0.022222 0.037037
0 0.606250 0.150926 0.018056 0.035185
0 0.617361 0.150926 0.018056 0.035185
0 0.638194 0.157407 0.020833 0.037037
0 0.679167 0.149074 0.019444 0.035185
0 0.660417 0.147222 0.020833 0.042593
0 0.713889 0.149074 0.022222 0.038889
0 0.743750 0.137037 0.020833 0.037037
0 0.774306 0.162963 0.020833 0.029630
0 0.756944 0.134259 0.013889 0.027778
0 0.794444 0.150926 0.019444 0.035185
0 0.818056 0.155556 0.019444 0.037037
0 0.223611 0.144444 0.019444 0.037037
0 0.234028 0.146296 0.018056 0.040741
0 0.011111 0.169444 0.019444 0.042593
0 0.025694 0.120370 0.029167 0.037037
0 0.448611 0.130556 0.016667 0.031481
0 0.463889 0.138889 0.016667 0.033333
0 0.490972 0.125000 0.020833 0.035185
1 0.474306 0.151852 0.018056 0.033333
1 0.571528 0.152778 0.020833 0.038889
1 0.537500 0.143519 0.016667 0.031481
1 0.402778 0.145370 0.016667 0.031481
1 0.414583 0.148148 0.015278 0.029630
1 0.433333 0.151852 0.013889 0.025926
1 0.450000 0.153704 0.016667 0.029630
1 0.371528 0.153704 0.018056 0.033333
1 0.347917 0.150926 0.015278 0.027778
1 0.329861 0.138889 0.015278 0.029630
1 0.320139 0.146296 0.015278 0.029630
1 0.306250 0.146296 0.015278 0.029630
1 0.293056 0.135185 0.011111 0.018519
0 0.860417 0.168519 0.015278 0.029630
0 0.835417 0.152778 0.015278 0.024074
0 0.850694 0.150000 0.015278 0.018519
0 0.772222 0.135185 0.013889 0.025926
0 0.785417 0.142593 0.012500 0.022222
1 0.761806 0.156481 0.012500 0.027778
0 0.692361 0.138889 0.012500 0.022222
0 0.729167 0.140741 0.011111 0.025926
1 0.520833 0.150926 0.019444 0.035185
0 0.553472 0.145370 0.015278 0.027778
1 0.364583 0.140741 0.015278 0.029630
1 0.052778 0.117593 0.025000 0.038889
0 0.024306 0.146296 0.031944 0.044444
