0 0.484000 0.512712 0.068000 0.093220
0 0.456000 0.533898 0.040000 0.073446
0 0.568000 0.511299 0.064000 0.079096
0 0.668000 0.529661 0.072000 0.093220
0 0.726000 0.502825 0.048000 0.056497
0 0.734000 0.546610 0.056000 0.076271
0 0.795000 0.556497 0.062000 0.079096
0 0.916000 0.549435 0.068000 0.087571
1 0.052000 0.536723 0.072000 0.107345
1 0.159000 0.528249 0.026000 0.039548
1 0.197000 0.545198 0.026000 0.039548
1 0.248000 0.532486 0.028000 0.042373
1 0.293000 0.546610 0.034000 0.053672
1 0.353000 0.583333 0.042000 0.064972
1 0.870000 0.553672 0.068000 0.101695
