0 0.509000 0.274390 0.094000 0.146341
0 0.740000 0.478659 0.200000 0.298780
1 0.191000 0.506098 0.202000 0.335366
1 0.050000 0.228659 0.096000 0.152439
1 0.250000 0.227134 0.044000 0.082317
1 0.287000 0.310976 0.058000 0.115854
1 0.882000 0.157012 0.060000 0.112805
1 0.968000 0.094512 0.052000 0.121951
1 0.808000 0.128049 0.052000 0.091463
1 0.776000 0.106707 0.024000 0.060976
1 0.726000 0.099085 0.056000 0.088415
1 0.636000 0.152439 0.040000 0.067073
1 0.604000 0.280488 0.084000 0.128049
1 0.562000 0.111280 0.032000 0.064024
1 0.536000 0.121951 0.024000 0.048780
1 0.499000 0.121951 0.026000 0.048780
1 0.603000 0.141768 0.022000 0.051829
1 0.212000 0.198171 0.036000 0.048780
1 0.333000 0.170732 0.046000 0.085366
1 0.436000 0.152439 0.060000 0.115854
1 0.382000 0.132622 0.036000 0.057927
1 0.250000 0.111280 0.040000 0.051829
1 0.194000 0.129573 0.016000 0.033537
1 0.215000 0.135671 0.014000 0.027439
1 0.198000 0.155488 0.016000 0.024390
1 0.344000 0.117378 0.020000 0.027439
1 0.692000 0.143293 0.028000 0.054878
1 0.654000 0.134146 0.032000 0.060976
