0 0.139167 0.413140 0.081667 0.109131
0 0.329167 0.428731 0.051667 0.082405
0 0.401667 0.455457 0.043333 0.051225
0 0.442500 0.447661 0.038333 0.057906
0 0.487500 0.423163 0.048333 0.071269
0 0.553333 0.422049 0.040000 0.060134
0 0.589167 0.433185 0.045000 0.064588
0 0.672500 0.402004 0.055000 0.077951
0 0.820833 0.442094 0.031667 0.055679
0 0.892500 0.383073 0.058333 0.102450
1 0.031667 0.396437 0.060000 0.120267
1 0.265000 0.448775 0.043333 0.060134
1 0.625833 0.454343 0.028333 0.035635
1 0.773333 0.437639 0.036667 0.046771
