0 0.834586 0.769841 0.072180 0.111111
0 0.983459 0.722222 0.033083 0.079365
0 0.682707 0.717687 0.057143 0.092971
0 0.757895 0.722222 0.054135 0.074830
0 0.784962 0.636054 0.036090 0.061224
0 0.844361 0.670068 0.055639 0.088435
0 0.901504 0.672336 0.043609 0.061224
0 0.549624 0.662132 0.046617 0.072562
0 0.518045 0.792517 0.070677 0.102041
0 0.467669 0.630385 0.039098 0.058957
0 0.275940 0.714286 0.055639 0.095238
0 0.346617 0.670068 0.049624 0.070295
0 0.301504 0.599773 0.031579 0.056689
0 0.187218 0.632653 0.037594 0.058957
0 0.184962 0.595238 0.033083 0.043084
0 0.151128 0.574830 0.022556 0.034014
0 0.126316 0.558957 0.024060 0.034014
0 0.532331 0.586168 0.021053 0.029478
0 0.584211 0.575964 0.025564 0.031746
0 0.624812 0.622449 0.034586 0.052154
0 0.654135 0.666667 0.039098 0.058957
0 0.689474 0.613379 0.028571 0.043084
0 0.734586 0.651927 0.037594 0.056689
0 0.755639 0.586168 0.025564 0.038549
0 0.722556 0.590703 0.028571 0.038549
0 0.922556 0.621315 0.034586 0.045351
0 0.926316 0.535147 0.024060 0.036281
0 0.812030 0.561224 0.018045 0.029478
0 0.790977 0.562358 0.021053 0.036281
0 0.662406 0.517007 0.019549 0.031746
0 0.690977 0.522676 0.019549 0.029478
0 0.412782 0.613379 0.031579 0.043084
0 0.375940 0.586168 0.024060 0.034014
0 0.266165 0.595238 0.030075 0.043084
0 0.238346 0.571429 0.025564 0.036281
0 0.220301 0.566893 0.022556 0.036281
0 0.478947 0.592971 0.025564 0.034014
0 0.872932 0.565760 0.016541 0.024943
0 0.566917 0.574830 0.018045 0.024943
0 0.606015 0.561224 0.021053 0.029478
0 0.615789 0.573696 0.019549 0.027211
0 0.630075 0.540816 0.015038 0.020408
0 0.647368 0.575964 0.022556 0.031746
0 0.702256 0.552154 0.015038 0.024943
0 0.764662 0.558957 0.016541 0.024943
0 0.425564 0.571429 0.021053 0.031746
0 0.409023 0.586168 0.027068 0.034014
0 0.464662 0.581633 0.027068 0.038549
0 0.487218 0.573696 0.021053 0.031746
0 0.539850 0.555556 0.015038 0.027211
0 0.735338 0.561224 0.015038 0.020408
0 0.527820 0.651927 0.027068 0.052154
0 0.563910 0.536281 0.012030 0.015873
0 0.582707 0.537415 0.016541 0.022676
0 0.444361 0.565760 0.019549 0.029478
0 0.780451 0.606576 0.030075 0.038549
0 0.040602 0.853741 0.078195 0.147392
0 0.058647 0.726757 0.069173 0.106576
0 0.060902 0.660998 0.058647 0.056689
0 0.063910 0.630385 0.049624 0.049887
0 0.069925 0.589569 0.043609 0.045351
0 0.093233 0.578231 0.027068 0.036281
0 0.079699 0.552154 0.018045 0.029478
0 0.193233 0.560091 0.019549 0.027211
0 0.306015 0.555556 0.016541 0.022676
0 0.349624 0.571429 0.019549 0.031746
0 0.331579 0.553288 0.016541 0.022676
0 0.378947 0.556689 0.018045 0.024943
0 0.049624 0.494331 0.015038 0.027211
0 0.060902 0.534014 0.016541 0.024943
0 0.121053 0.530612 0.013534 0.018141
0 0.234586 0.543084 0.015038 0.020408
0 0.219549 0.541950 0.012030 0.018141
0 0.842857 0.614512 0.037594 0.040816
0 0.821053 0.637188 0.030075 0.040816
0 0.963910 0.580499 0.018045 0.027211
0 0.983459 0.583900 0.024060 0.034014
0 0.923308 0.723356 0.069173 0.095238
0 0.412030 0.714286 0.054135 0.077098
0 0.332331 0.583900 0.024060 0.038549
0 0.842105 0.560091 0.015038 0.022676
0 0.854887 0.560091 0.016541 0.022676
0 0.959398 0.552154 0.012030 0.020408
0 0.893233 0.563492 0.018045 0.024943
0 0.611278 0.528345 0.010526 0.018141
0 0.823308 0.532880 0.013534 0.018141
0 0.849624 0.538549 0.012030 0.020408
