0 0.096000 0.345345 0.072000 0.108108
0 0.222000 0.355856 0.064000 0.105105
0 0.266000 0.345345 0.048000 0.096096
0 0.314000 0.348348 0.048000 0.108108
0 0.365000 0.348348 0.062000 0.114114
0 0.426000 0.366366 0.056000 0.096096
0 0.543000 0.345345 0.066000 0.126126
0 0.584000 0.322823 0.048000 0.093093
0 0.614000 0.346847 0.064000 0.105105
0 0.673000 0.331832 0.066000 0.129129
0 0.723000 0.346847 0.046000 0.087087
0 0.783000 0.343844 0.070000 0.123123
0 0.906000 0.387387 0.072000 0.120120
1 0.156000 0.367868 0.056000 0.093093
1 0.455000 0.351351 0.034000 0.066066
1 0.518000 0.319820 0.028000 0.069069
