0 0.500835 0.559020 0.060100 0.075724
0 0.544240 0.555679 0.040067 0.064588
0 0.603506 0.547884 0.055092 0.071269
0 0.659432 0.540089 0.046745 0.055679
0 0.722037 0.534521 0.045075 0.062361
0 0.808848 0.535635 0.045075 0.051225
0 0.873957 0.525612 0.045075 0.057906
0 0.749583 0.658129 0.096828 0.131403
0 0.898164 0.561247 0.060100 0.089087
0 0.979967 0.513363 0.040067 0.064588
0 0.941569 0.508909 0.030050 0.042316
0 0.911519 0.527840 0.040067 0.040089
0 0.797997 0.569042 0.060100 0.060134
1 0.424040 0.624722 0.073456 0.113586
1 0.508347 0.613586 0.058431 0.082405
1 0.811352 0.623608 0.063439 0.097996
1 0.868114 0.629176 0.053422 0.064588
1 0.080134 0.563474 0.053422 0.066815
1 0.174457 0.551225 0.041736 0.051225
1 0.220367 0.530067 0.033389 0.044543
1 0.289649 0.524499 0.028381 0.042316
0 0.274624 0.514477 0.021703 0.031180
1 0.337229 0.528953 0.023372 0.028953
1 0.317195 0.510022 0.020033 0.026726
1 0.430718 0.476615 0.016694 0.022272
1 0.313022 0.472160 0.011686 0.017817
1 0.373122 0.514477 0.018364 0.026726
1 0.383139 0.504454 0.018364 0.028953
1 0.517529 0.493318 0.013356 0.020045
0 0.547579 0.516704 0.026711 0.031180
0 0.782137 0.517817 0.028381 0.033408
0 0.844741 0.520045 0.030050 0.046771
0 0.684474 0.526726 0.030050 0.051225
1 0.035893 0.561247 0.035058 0.053452
1 0.044240 0.537862 0.038397 0.042316
1 0.129382 0.530067 0.028381 0.044543
1 0.109349 0.547884 0.035058 0.053452
1 0.119366 0.474388 0.021703 0.026726
1 0.135225 0.479955 0.016694 0.024499
1 0.158598 0.482183 0.016694 0.028953
1 0.247078 0.504454 0.016694 0.024499
1 0.230384 0.468820 0.013356 0.020045
1 0.247913 0.462138 0.011686 0.015590
