0 0.813889 0.381250 0.036111 0.066667
0 0.759028 0.391667 0.045833 0.075000
0 0.686806 0.397917 0.034722 0.062500
0 0.653472 0.396875 0.029167 0.047917
0 0.617361 0.402083 0.031944 0.062500
0 0.569444 0.402083 0.030556 0.050000
0 0.538889 0.382292 0.027778 0.047917
0 0.513889 0.378125 0.036111 0.077083
0 0.497917 0.394792 0.023611 0.043750
0 0.437500 0.386458 0.036111 0.072917
0 0.379861 0.372917 0.045833 0.083333
0 0.359028 0.377083 0.034722 0.070833
0 0.337500 0.414583 0.025000 0.033333
0 0.305556 0.407292 0.019444 0.035417
0 0.266667 0.395833 0.041667 0.066667
0 0.203472 0.419792 0.023611 0.039583
0 0.175000 0.406250 0.019444 0.037500
0 0.142361 0.402083 0.031944 0.058333
0 0.119444 0.405208 0.025000 0.047917
0 0.063889 0.394792 0.033333 0.072917
0 0.039583 0.402083 0.020833 0.037500
