0 0.661067 0.350394 0.053360 0.065617
0 0.741107 0.360892 0.071146 0.097113
0 0.908103 0.320210 0.077075 0.110236
0 0.655138 0.300525 0.049407 0.060367
1 0.288538 0.342520 0.035573 0.055118
1 0.323123 0.582677 0.088933 0.173228
1 0.201581 0.446194 0.043478 0.062992
1 0.141304 0.490814 0.065217 0.089239
1 0.086957 0.464567 0.039526 0.083990
1 0.806324 0.349081 0.067194 0.089239
1 0.824111 0.493438 0.090909 0.152231
1 0.501976 0.337270 0.043478 0.065617
1 0.548419 0.320210 0.053360 0.089239
1 0.585968 0.316273 0.037549 0.070866
1 0.623518 0.324147 0.049407 0.086614
