0 0.312698 0.750000 0.133333 0.200000
0 0.661111 0.546429 0.093651 0.164286
0 0.739683 0.673810 0.130159 0.200000
0 0.807143 0.319048 0.058730 0.100000
0 0.780952 0.233333 0.060317 0.095238
0 0.657937 0.269048 0.046032 0.085714
0 0.645238 0.190476 0.046032 0.076190
0 0.346032 0.036905 0.019048 0.030952
0 0.520635 0.034524 0.019048 0.035714
0 0.584127 0.032143 0.019048 0.035714
0 0.322222 0.036905 0.019048 0.035714
0 0.110317 0.048810 0.020635 0.035714
0 0.163492 0.065476 0.019048 0.030952
1 0.073016 0.280952 0.041270 0.076190
1 0.094444 0.188095 0.033333 0.057143
1 0.169841 0.103571 0.019048 0.045238
1 0.210317 0.066667 0.017460 0.033333
1 0.080159 0.041667 0.020635 0.035714
1 0.038889 0.034524 0.026984 0.040476
1 0.417460 0.029762 0.019048 0.035714
1 0.390476 0.153571 0.031746 0.050000
1 0.634921 0.029762 0.019048 0.030952
1 0.730159 0.159524 0.038095 0.080952
1 0.766667 0.095238 0.028571 0.061905
0 0.623016 0.273810 0.042857 0.090476
1 0.310317 0.041667 0.011111 0.026190
