0 0.152083 0.397917 0.070833 0.129167
0 0.213194 0.454167 0.040278 0.066667
0 0.258333 0.436458 0.036111 0.064583
0 0.239583 0.434375 0.026389 0.064583
0 0.289583 0.461458 0.026389 0.052083
0 0.309028 0.458333 0.029167 0.058333
0 0.337500 0.425000 0.047222 0.079167
0 0.373611 0.409375 0.038889 0.081250
0 0.400694 0.425000 0.034722 0.066667
0 0.443056 0.418750 0.052778 0.095833
0 0.467361 0.417708 0.031944 0.064583
0 0.501389 0.439583 0.036111 0.062500
0 0.565972 0.396875 0.054167 0.102083
0 0.618056 0.403125 0.063889 0.110417
0 0.177778 0.453125 0.022222 0.047917
0 0.703472 0.396875 0.068056 0.118750
0 0.666667 0.413542 0.036111 0.093750
0 0.787500 0.391667 0.069444 0.116667
0 0.852083 0.411458 0.048611 0.089583
0 0.909722 0.392708 0.058333 0.106250
0 0.969444 0.410417 0.055556 0.091667
