0 0.800000 0.273333 0.097778 0.166667
0 0.686667 0.296667 0.066667 0.126667
0 0.576667 0.308333 0.064444 0.116667
0 0.501111 0.318333 0.060000 0.096667
0 0.338889 0.331667 0.046667 0.090000
0 0.256667 0.308333 0.037778 0.076667
0 0.107778 0.288333 0.073333 0.130000
0 0.212222 0.355000 0.046667 0.083333
1 0.395556 0.361667 0.035556 0.063333
1 0.284444 0.338333 0.022222 0.043333
1 0.431111 0.341667 0.026667 0.043333
1 0.406667 0.328333 0.022222 0.036667
1 0.531111 0.330000 0.031111 0.066667
1 0.984444 0.390000 0.022222 0.033333
