0 0.085455 0.389563 0.054545 0.084951
0 0.160909 0.378641 0.049091 0.072816
0 0.220909 0.375000 0.041818 0.065534
0 0.281818 0.390777 0.040000 0.063107
0 0.354545 0.402913 0.032727 0.053398
0 0.437273 0.372573 0.030909 0.055825
0 0.504545 0.389563 0.030909 0.060680
0 0.560000 0.383495 0.032727 0.063107
0 0.640000 0.361650 0.032727 0.053398
0 0.660000 0.393204 0.032727 0.058252
0 0.704545 0.383495 0.038182 0.072816
0 0.785455 0.398058 0.047273 0.077670
0 0.881818 0.339806 0.050909 0.077670
0 0.929091 0.382282 0.040000 0.055825
