0 0.075556 0.638333 0.128889 0.236667
0 0.187778 0.705000 0.153333 0.303333
0 0.351111 0.463333 0.102222 0.200000
0 0.323333 0.281667 0.055556 0.116667
0 0.294444 0.286667 0.033333 0.080000
0 0.390000 0.300000 0.051111 0.086667
0 0.426667 0.370000 0.071111 0.126667
0 0.496667 0.306667 0.051111 0.100000
0 0.475556 0.263333 0.035556 0.073333
0 0.448889 0.256667 0.031111 0.073333
0 0.614444 0.325000 0.060000 0.123333
0 0.701111 0.321667 0.046667 0.110000
0 0.772222 0.273333 0.046667 0.093333
0 0.807778 0.208333 0.028889 0.063333
0 0.704444 0.235000 0.035556 0.070000
0 0.536667 0.213333 0.037778 0.080000
0 0.588889 0.241667 0.044444 0.076667
0 0.581111 0.185000 0.033333 0.070000
0 0.654444 0.186667 0.028889 0.060000
0 0.611111 0.193333 0.022222 0.046667
0 0.695556 0.173333 0.022222 0.046667
0 0.757778 0.153333 0.022222 0.046667
0 0.717778 0.196667 0.026667 0.046667
0 0.856667 0.156667 0.028889 0.060000
0 0.627778 0.176667 0.024444 0.046667
0 0.816667 0.141667 0.020000 0.036667
