0 0.265942 0.576255 0.157971 0.233591
0 0.773913 0.481660 0.110145 0.160232
0 0.613043 0.311776 0.057971 0.090734
0 0.554348 0.264479 0.047826 0.073359
0 0.519565 0.223938 0.050725 0.077220
0 0.380435 0.342664 0.056522 0.090734
0 0.372464 0.437259 0.081159 0.129344
0 0.403623 0.245174 0.050725 0.081081
0 0.494928 0.155405 0.036232 0.063707
0 0.252174 0.290541 0.060870 0.086873
0 0.074638 0.421815 0.079710 0.102317
0 0.273188 0.232625 0.047826 0.063707
1 0.173188 0.168919 0.030435 0.052124
1 0.944928 0.218147 0.046377 0.069498
0 0.842754 0.210425 0.033333 0.046332
0 0.644203 0.065637 0.024638 0.046332
1 0.059420 0.144788 0.037681 0.054054
1 0.127536 0.140927 0.028986 0.038610
1 0.155797 0.144788 0.027536 0.034749
1 0.221739 0.114865 0.026087 0.032819
0 0.254348 0.113900 0.027536 0.042471
1 0.275362 0.065637 0.023188 0.034749
1 0.302899 0.064672 0.023188 0.028958
1 0.407971 0.166988 0.030435 0.044402
0 0.455072 0.125483 0.026087 0.038610
1 0.402899 0.096525 0.026087 0.038610
