0 0.284866 0.322222 0.183976 0.204444
0 0.681009 0.308889 0.210682 0.195556
0 0.802671 0.218889 0.181009 0.202222
0 0.906528 0.224444 0.115727 0.155556
0 0.056380 0.302222 0.106825 0.173333
0 0.207715 0.212222 0.166172 0.153333
0 0.129080 0.207778 0.121662 0.153333
0 0.459941 0.268889 0.189911 0.173333
0 0.577151 0.202222 0.175074 0.164444
0 0.430267 0.141111 0.142433 0.126667
0 0.252226 0.156667 0.130564 0.117778
0 0.738872 0.057778 0.106825 0.080000
0 0.043027 0.166667 0.080119 0.102222
0 0.958457 0.195556 0.083086 0.160000
0 0.381306 0.071111 0.103858 0.088889
0 0.839763 0.095556 0.100890 0.102222
1 0.091988 0.061111 0.071217 0.060000
1 0.281899 0.034444 0.059347 0.046667
0 0.477745 0.055556 0.077151 0.057778
