0 0.089375 0.366530 0.081250 0.149897
0 0.195625 0.422998 0.071250 0.127310
0 0.195000 0.318275 0.070000 0.119097
0 0.288750 0.386037 0.065000 0.135524
0 0.325625 0.412731 0.038750 0.102669
0 0.345625 0.401437 0.041250 0.117043
0 0.398125 0.426078 0.063750 0.121150
0 0.448750 0.456879 0.050000 0.108830
0 0.604375 0.412731 0.046250 0.110883
0 0.627500 0.366530 0.060000 0.121150
0 0.672500 0.362423 0.047500 0.108830
0 0.725625 0.383984 0.053750 0.106776
0 0.763750 0.375770 0.042500 0.098563
0 0.842500 0.437372 0.050000 0.102669
0 0.886250 0.426078 0.050000 0.096509
0 0.934375 0.431211 0.043750 0.098563
1 0.533125 0.402464 0.061250 0.110883
1 0.021250 0.433265 0.040000 0.102669
0 0.256875 0.375770 0.041250 0.098563
