0 0.869000 0.273333 0.074000 0.109333
0 0.639000 0.252000 0.050000 0.088000
0 0.584000 0.304000 0.056000 0.096000
0 0.542000 0.248000 0.036000 0.069333
0 0.562000 0.269333 0.032000 0.064000
0 0.470000 0.318667 0.072000 0.104000
0 0.519000 0.312000 0.054000 0.101333
0 0.357000 0.285333 0.078000 0.128000
0 0.427000 0.273333 0.042000 0.072000
0 0.293000 0.272000 0.058000 0.096000
0 0.232000 0.318667 0.096000 0.146667
0 0.149000 0.284000 0.070000 0.109333
0 0.041000 0.277333 0.078000 0.133333
0 0.670000 0.278667 0.028000 0.066667
1 0.956000 0.253333 0.044000 0.074667
1 0.907000 0.248000 0.034000 0.064000
1 0.717000 0.249333 0.042000 0.061333
1 0.773000 0.256000 0.026000 0.042667
