0 0.077143 0.483871 0.045714 0.118280
0 0.127143 0.473118 0.042857 0.096774
0 0.182857 0.465054 0.034286 0.080645
0 0.217143 0.494624 0.034286 0.064516
0 0.548571 0.483871 0.034286 0.075269
0 0.600000 0.459677 0.034286 0.080645
0 0.438571 0.470430 0.037143 0.080645
0 0.402857 0.459677 0.028571 0.069892
0 0.357143 0.470430 0.034286 0.080645
0 0.278571 0.481183 0.037143 0.069892
0 0.634286 0.470430 0.028571 0.080645
0 0.495714 0.473118 0.037143 0.075269
1 0.731429 0.491935 0.034286 0.069892
0 0.787143 0.491935 0.031429 0.069892
