0 0.260000 0.700450 0.122000 0.187688
0 0.196000 0.631381 0.066000 0.109610
0 0.289500 0.599099 0.047000 0.066066
0 0.696000 0.656907 0.066000 0.097598
0 0.867000 0.613363 0.048000 0.070571
0 0.836500 0.593844 0.031000 0.055556
0 0.815000 0.570571 0.026000 0.048048
0 0.645500 0.614865 0.041000 0.067568
0 0.395000 0.611862 0.048000 0.079580
0 0.424500 0.578829 0.029000 0.061562
0 0.444000 0.564565 0.024000 0.048048
0 0.548500 0.551051 0.021000 0.036036
0 0.605000 0.580330 0.034000 0.052553
0 0.568000 0.564565 0.020000 0.039039
0 0.584000 0.577327 0.024000 0.049550
0 0.751000 0.590090 0.040000 0.057057
0 0.725000 0.569069 0.024000 0.033033
0 0.683500 0.557057 0.017000 0.033033
0 0.650000 0.566066 0.030000 0.039039
0 0.359500 0.563063 0.029000 0.045045
0 0.394500 0.559309 0.025000 0.040541
0 0.380000 0.496246 0.016000 0.031532
0 0.458000 0.561562 0.018000 0.033033
0 0.274500 0.551051 0.021000 0.036036
0 0.304500 0.506006 0.011000 0.027027
0 0.338000 0.551051 0.018000 0.033033
0 0.222000 0.557057 0.024000 0.042042
0 0.170500 0.559309 0.033000 0.046547
0 0.116500 0.563063 0.035000 0.063063
0 0.064500 0.500000 0.043000 0.066066
0 0.023000 0.591592 0.044000 0.084084
1 0.733500 0.515766 0.019000 0.028529
