0 0.364063 0.845833 0.078125 0.112500
0 0.630469 0.841667 0.070312 0.129167
0 0.915625 0.829167 0.078125 0.112500
0 0.968750 0.688542 0.043750 0.060417
0 0.855469 0.756250 0.064063 0.087500
0 0.789844 0.729167 0.057813 0.075000
0 0.732813 0.727083 0.046875 0.062500
0 0.593750 0.733333 0.050000 0.070833
0 0.423438 0.770833 0.059375 0.087500
0 0.201563 0.779167 0.065625 0.079167
0 0.109375 0.854167 0.081250 0.108333
0 0.116406 0.676042 0.035938 0.056250
0 0.062500 0.691667 0.037500 0.058333
0 0.268750 0.658333 0.031250 0.054167
0 0.311719 0.726042 0.039062 0.064583
0 0.341406 0.714583 0.039062 0.062500
0 0.917969 0.684375 0.035938 0.052083
0 0.832031 0.650000 0.026563 0.041667
0 0.808594 0.641667 0.023438 0.033333
0 0.874219 0.645833 0.023438 0.037500
0 0.564844 0.665625 0.029688 0.043750
0 0.267969 0.767708 0.054688 0.077083
0 0.407031 0.655208 0.023438 0.031250
0 0.611719 0.654167 0.023438 0.033333
0 0.472656 0.634375 0.020313 0.027083
0 0.544531 0.660417 0.020313 0.037500
0 0.537500 0.631250 0.025000 0.029167
0 0.332031 0.626042 0.017188 0.027083
0 0.317188 0.616667 0.015625 0.025000
0 0.367188 0.693750 0.034375 0.045833
0 0.678125 0.678125 0.031250 0.043750
0 0.702344 0.711458 0.032813 0.047917
