0 0.294203 0.452703 0.066667 0.086873
0 0.378986 0.458494 0.044928 0.075290
0 0.706522 0.441120 0.088406 0.129344
0 0.769565 0.465251 0.049275 0.057915
0 0.985507 0.439189 0.028986 0.098456
0 0.647101 0.427606 0.065217 0.098456
0 0.541304 0.461390 0.039130 0.061776
0 0.447826 0.466216 0.063768 0.086873
0 0.404348 0.432432 0.052174 0.088803
1 0.235507 0.594595 0.056522 0.084942
1 0.362319 0.622587 0.086957 0.121622
1 0.224638 0.434363 0.043478 0.065637
1 0.095652 0.552124 0.043478 0.061776
1 0.064493 0.532819 0.027536 0.042471
