0 0.447826 0.392650 0.063768 0.116054
0 0.137681 0.390716 0.043478 0.065764
0 0.046377 0.417795 0.040580 0.058027
0 0.271739 0.420696 0.027536 0.052224
0 0.295652 0.425532 0.023188 0.042553
0 0.347826 0.415861 0.028986 0.050290
0 0.381884 0.436170 0.030435 0.048356
0 0.713043 0.423598 0.023188 0.050290
0 0.860870 0.411992 0.023188 0.038685
0 0.923913 0.415861 0.027536 0.046422
0 0.961594 0.424565 0.027536 0.044487
0 0.986957 0.431335 0.026087 0.042553
0 0.643478 0.425532 0.023188 0.034816
0 0.568116 0.421663 0.028986 0.038685
0 0.622464 0.427466 0.021739 0.034816
0 0.514493 0.408124 0.031884 0.038685
0 0.490580 0.416828 0.036232 0.044487
