0 0.107246 0.696325 0.040580 0.061896
0 0.178986 0.696325 0.039130 0.061896
0 0.234058 0.701161 0.036232 0.059961
0 0.292754 0.709865 0.037681 0.061896
0 0.350000 0.700193 0.036232 0.061896
0 0.413768 0.704062 0.036232 0.058027
0 0.468841 0.695358 0.039130 0.059961
0 0.530435 0.692456 0.037681 0.058027
0 0.581159 0.688588 0.037681 0.058027
0 0.636957 0.689555 0.036232 0.063830
0 0.712319 0.690522 0.039130 0.061896
0 0.776087 0.692456 0.036232 0.061896
0 0.842754 0.696325 0.039130 0.061896
0 0.886957 0.573501 0.031884 0.052224
0 0.836957 0.585106 0.030435 0.048356
0 0.805072 0.585106 0.027536 0.044487
0 0.776812 0.574468 0.028986 0.054159
0 0.746377 0.577369 0.026087 0.048356
0 0.725362 0.571567 0.033333 0.056093
0 0.693478 0.587041 0.030435 0.048356
0 0.658696 0.579304 0.030435 0.048356
0 0.632609 0.576402 0.027536 0.046422
0 0.607246 0.576402 0.028986 0.054159
0 0.576087 0.580271 0.027536 0.050290
0 0.549275 0.578337 0.028986 0.054159
0 0.515217 0.573501 0.030435 0.056093
0 0.486957 0.564797 0.031884 0.054159
0 0.458696 0.567698 0.027536 0.052224
0 0.431884 0.574468 0.028986 0.054159
0 0.407246 0.570600 0.026087 0.054159
0 0.380435 0.577369 0.030435 0.048356
0 0.319565 0.591876 0.033333 0.054159
0 0.075362 0.579304 0.023188 0.048356
0 0.093478 0.572534 0.033333 0.058027
0 0.149275 0.583172 0.031884 0.052224
0 0.178261 0.578337 0.028986 0.054159
0 0.218116 0.591876 0.033333 0.054159
0 0.239130 0.571567 0.028986 0.048356
0 0.266667 0.591876 0.031884 0.058027
0 0.283333 0.567698 0.030435 0.048356
0 0.318841 0.555126 0.028986 0.046422
0 0.358696 0.558027 0.024638 0.044487
