0 0.248884 0.511243 0.036458 0.053571
0 0.280134 0.486442 0.043403 0.062169
0 0.333705 0.496362 0.033978 0.056878
0 0.387153 0.500331 0.040179 0.073413
0 0.409598 0.518519 0.029514 0.053571
0 0.438368 0.524802 0.028026 0.051587
0 0.480159 0.494709 0.035714 0.064153
0 0.511905 0.493717 0.031250 0.055556
0 0.568948 0.520007 0.039683 0.061177
0 0.584821 0.510251 0.021825 0.051587
0 0.660342 0.518022 0.039435 0.063161
0 0.718626 0.508763 0.037946 0.061177
0 0.748760 0.545304 0.028770 0.045635
0 0.802207 0.523644 0.037946 0.053902
0 0.822421 0.559193 0.019345 0.042328
0 0.859871 0.547950 0.038690 0.056878
0 0.901786 0.543816 0.040179 0.056548
0 0.955357 0.548446 0.035714 0.045304
0 0.980531 0.553737 0.027034 0.057870
