0 0.260000 0.272727 0.044000 0.118182
0 0.326000 0.265909 0.040000 0.113636
0 0.382000 0.520455 0.040000 0.113636
0 0.470000 0.493182 0.040000 0.113636
0 0.541000 0.484091 0.042000 0.113636
0 0.395000 0.268182 0.038000 0.109091
0 0.456000 0.265909 0.036000 0.113636
0 0.544000 0.247727 0.040000 0.113636
0 0.613000 0.270455 0.038000 0.122727
0 0.669000 0.225000 0.034000 0.095455
0 0.757000 0.193182 0.038000 0.104545
1 0.178000 0.561364 0.044000 0.122727
1 0.071000 0.272727 0.042000 0.118182
1 0.177000 0.295455 0.042000 0.118182
1 0.836000 0.206818 0.036000 0.095455
1 0.923000 0.190909 0.038000 0.109091
