0 0.226875 0.295627 0.051250 0.108365
1 0.376250 0.361217 0.085000 0.159696
1 0.187500 0.206274 0.087500 0.176806
1 0.057500 0.305133 0.057500 0.104563
1 0.118750 0.357414 0.140000 0.193916
1 0.307500 0.360266 0.042500 0.077947
1 0.426875 0.337452 0.041250 0.077947
1 0.493750 0.367871 0.057500 0.085551
1 0.561250 0.292776 0.072500 0.152091
1 0.735625 0.268061 0.096250 0.186312
1 0.803125 0.246198 0.066250 0.127376
1 0.948125 0.248099 0.076250 0.115970
1 0.958125 0.341255 0.083750 0.150190
1 0.984375 0.374525 0.031250 0.178707
