0 0.535000 0.578078 0.034000 0.057057
1 0.649000 0.578078 0.034000 0.057057
1 0.496000 0.710210 0.028000 0.051051
0 0.495000 0.672673 0.030000 0.048048
1 0.478000 0.519520 0.024000 0.048048
1 0.559000 0.445946 0.022000 0.045045
1 0.811000 0.135135 0.018000 0.030030
1 0.697000 0.160661 0.014000 0.027027
1 0.674000 0.159159 0.016000 0.030030
1 0.664000 0.136637 0.016000 0.027027
1 0.708000 0.150150 0.012000 0.024024
1 0.735000 0.196697 0.014000 0.027027
1 0.722000 0.201201 0.012000 0.024024
1 0.589000 0.211712 0.014000 0.021021
1 0.576000 0.207207 0.012000 0.024024
1 0.562000 0.207207 0.012000 0.024024
1 0.523000 0.205706 0.014000 0.027027
1 0.509000 0.219219 0.014000 0.024024
1 0.483000 0.241742 0.014000 0.021021
1 0.486000 0.216216 0.016000 0.024024
1 0.456000 0.175676 0.016000 0.033033
1 0.467000 0.169670 0.014000 0.027027
0 0.415000 0.148649 0.022000 0.039039
1 0.307000 0.139640 0.010000 0.021021
1 0.377000 0.202703 0.014000 0.027027
1 0.490000 0.180180 0.016000 0.024024
1 0.482000 0.189189 0.012000 0.024024
1 0.574000 0.136637 0.012000 0.021021
1 0.574000 0.118619 0.012000 0.021021
1 0.645000 0.190691 0.014000 0.027027
1 0.268000 0.060060 0.016000 0.030030
