0 0.591304 0.498913 0.028986 0.063043
0 0.539855 0.491304 0.030435 0.060870
0 0.490580 0.495652 0.030435 0.060870
0 0.284058 0.319565 0.026087 0.052174
0 0.337681 0.327174 0.026087 0.058696
0 0.337681 0.507609 0.031884 0.058696
0 0.385507 0.494565 0.028986 0.058696
0 0.438406 0.486957 0.030435 0.060870
0 0.493478 0.402174 0.024638 0.052174
0 0.530435 0.327174 0.026087 0.045652
0 0.571014 0.335870 0.023188 0.050000
0 0.623188 0.328261 0.026087 0.052174
0 0.670290 0.346739 0.024638 0.050000
0 0.668116 0.309783 0.026087 0.036957
0 0.492029 0.331522 0.024638 0.045652
0 0.365942 0.328261 0.027536 0.052174
0 0.394203 0.315217 0.026087 0.052174
0 0.423913 0.316304 0.024638 0.054348
0 0.455797 0.323913 0.027536 0.056522
0 0.264493 0.302174 0.027536 0.056522
0 0.643478 0.354348 0.026087 0.056522
0 0.307971 0.310870 0.024638 0.043478
