0 0.312500 0.425000 0.100000 0.137500
0 0.317188 0.312500 0.071875 0.087500
1 0.596094 0.441667 0.085938 0.120833
1 0.726562 0.497917 0.143750 0.220833
1 0.791406 0.395833 0.045313 0.079167
1 0.900000 0.441667 0.062500 0.095833
1 0.663281 0.384375 0.039062 0.060417
1 0.634375 0.351042 0.031250 0.043750
1 0.621094 0.368750 0.023438 0.041667
1 0.539062 0.375000 0.053125 0.091667
1 0.489844 0.361458 0.045313 0.077083
1 0.447656 0.354167 0.039062 0.062500
1 0.391406 0.332292 0.032813 0.052083
1 0.413281 0.638542 0.173438 0.214583
