0 0.646667 0.713889 0.023333 0.016667
0 0.211667 0.639444 0.020000 0.014444
0 0.333333 0.530000 0.016667 0.013333
0 0.565833 0.500000 0.018333 0.013333
0 0.536667 0.507222 0.016667 0.012222
0 0.260000 0.618889 0.016667 0.013333
0 0.173333 0.523333 0.016667 0.011111
0 0.147500 0.387222 0.015000 0.012222
0 0.884167 0.546111 0.018333 0.012222
0 0.927500 0.433889 0.015000 0.010000
0 0.196667 0.846667 0.023333 0.017778
0 0.800000 0.453333 0.016667 0.013333
0 0.149167 0.593333 0.021667 0.015556
0 0.286667 0.501111 0.020000 0.013333
0 0.162500 0.463889 0.015000 0.010000
0 0.099167 0.451667 0.015000 0.012222
0 0.250833 0.433889 0.015000 0.012222
0 0.521667 0.512778 0.016667 0.012222
0 0.756667 0.453333 0.016667 0.011111
0 0.691667 0.407778 0.013333 0.011111
0 0.929167 0.518333 0.018333 0.014444
1 0.030000 0.538333 0.016667 0.012222
0 0.212500 0.675000 0.021667 0.016667
0 0.036667 0.793889 0.026667 0.021111
0 0.881667 0.657778 0.020000 0.015556
