0 0.417127 0.531680 0.034991 0.055096
0 0.732044 0.563361 0.042357 0.063361
1 0.356354 0.509642 0.034991 0.060606
1 0.129834 0.595041 0.038674 0.055096
1 0.051565 0.581267 0.036832 0.060606
1 0.025783 0.513774 0.047882 0.090909
1 0.220994 0.548209 0.058932 0.093664
1 0.426335 0.563361 0.038674 0.057851
1 0.519337 0.546832 0.025783 0.046832
0 0.546041 0.566116 0.034991 0.052342
1 0.686004 0.541322 0.046041 0.063361
1 0.720074 0.523416 0.022099 0.038567
1 0.609576 0.541322 0.029466 0.057851
1 0.780847 0.539945 0.051565 0.077135
1 0.850829 0.531680 0.036832 0.060606
1 0.923573 0.571625 0.046041 0.063361
