0 0.265000 0.512793 0.070000 0.095949
0 0.105833 0.521322 0.021667 0.031983
0 0.030833 0.511727 0.018333 0.025586
0 0.045000 0.529851 0.013333 0.023454
0 0.152500 0.526652 0.008333 0.012793
0 0.174167 0.520256 0.008333 0.012793
0 0.194167 0.522388 0.008333 0.012793
0 0.987500 0.542644 0.015000 0.023454
1 0.325000 0.518124 0.020000 0.029851
1 0.448333 0.510661 0.020000 0.031983
1 0.484167 0.513859 0.018333 0.025586
1 0.511667 0.549041 0.016667 0.027719
1 0.540000 0.521322 0.020000 0.036247
1 0.615000 0.543710 0.023333 0.038380
1 0.625000 0.527719 0.020000 0.027719
1 0.602500 0.520256 0.018333 0.025586
