0 0.057143 0.543841 0.037143 0.064718
0 0.138571 0.575157 0.040000 0.068894
0 0.425714 0.549061 0.040000 0.062630
0 0.496429 0.551148 0.035714 0.050104
0 0.583571 0.534447 0.035714 0.041754
0 0.645000 0.534447 0.038571 0.062630
0 0.708571 0.534447 0.040000 0.058455
1 0.473571 0.584551 0.047143 0.070981
1 0.386429 0.560543 0.047143 0.064718
1 0.362857 0.541754 0.031429 0.048017
1 0.337143 0.553236 0.022857 0.050104
1 0.312143 0.560543 0.032857 0.056367
1 0.229286 0.567850 0.030000 0.050104
1 0.223571 0.530271 0.027143 0.041754
1 0.175714 0.580376 0.031429 0.045929
1 0.967857 0.526096 0.027143 0.050104
1 0.592143 0.574113 0.038571 0.058455
