0 0.461667 0.549107 0.123333 0.187500
0 0.363333 0.551339 0.093333 0.138393
0 0.063333 0.602679 0.113333 0.178571
0 0.105000 0.517857 0.076667 0.116071
0 0.896667 0.517857 0.086667 0.133929
0 0.753333 0.497768 0.066667 0.102679
0 0.718333 0.457589 0.043333 0.075893
0 0.665000 0.470982 0.056667 0.084821
0 0.618333 0.466518 0.050000 0.084821
0 0.568333 0.459821 0.043333 0.053571
0 0.171667 0.388393 0.043333 0.062500
0 0.428333 0.410714 0.030000 0.044643
0 0.461667 0.433036 0.030000 0.053571
0 0.493333 0.435268 0.026667 0.040179
0 0.521667 0.437500 0.036667 0.044643
0 0.396667 0.410714 0.020000 0.035714
0 0.516667 0.375000 0.020000 0.026786
0 0.465000 0.368304 0.016667 0.022321
1 0.578333 0.348214 0.023333 0.044643
1 0.793333 0.484375 0.053333 0.084821
1 0.531667 0.258929 0.023333 0.026786
