0 0.495370 0.233539 0.077160 0.125514
0 0.876543 0.180041 0.111111 0.150206
0 0.736111 0.333333 0.052469 0.090535
0 0.656636 0.314815 0.047840 0.078189
0 0.637346 0.361111 0.064815 0.100823
0 0.690586 0.339506 0.032407 0.061728
1 0.530864 0.327160 0.083333 0.119342
1 0.806327 0.282922 0.072531 0.104938
1 0.156636 0.298354 0.094136 0.123457
1 0.297068 0.348765 0.063272 0.100823
1 0.377315 0.280864 0.087963 0.162551
1 0.409722 0.316872 0.060185 0.106996
1 0.050154 0.325103 0.050926 0.069959
1 0.192901 0.348765 0.049383 0.080247
1 0.226080 0.326132 0.041667 0.067901
1 0.254630 0.329218 0.037037 0.078189
1 0.598765 0.327160 0.037037 0.074074
