0 0.254883 0.339233 0.076172 0.135693
0 0.176758 0.757743 0.108398 0.186578
0 0.098389 0.699853 0.085449 0.144543
0 0.014893 0.447640 0.028809 0.117994
0 0.372559 0.370206 0.082031 0.144543
0 0.511719 0.345133 0.095703 0.176991
0 0.365479 0.915929 0.142090 0.168142
1 0.736816 0.341077 0.092773 0.151180
1 0.687256 0.350295 0.056152 0.125369
1 0.954346 0.546829 0.091309 0.167404
1 0.564453 0.370944 0.067383 0.120944
1 0.459229 0.344764 0.038574 0.092183
0 0.371582 0.372050 0.084961 0.152655
1 0.288330 0.366888 0.032715 0.047935
