0 0.444167 0.482456 0.378333 0.639098
0 0.141667 0.680451 0.103333 0.192982
0 0.008333 0.713033 0.013333 0.042607
0 0.012500 0.701754 0.021667 0.040100
0 0.095000 0.714286 0.016667 0.055138
0 0.202500 0.730576 0.041667 0.072682
0 0.229167 0.724311 0.031667 0.065163
0 0.255833 0.720551 0.021667 0.047619
0 0.282500 0.720551 0.035000 0.067669
0 0.577500 0.728070 0.041667 0.082707
0 0.636667 0.716792 0.033333 0.065163
0 0.712500 0.716792 0.025000 0.055138
0 0.826667 0.692982 0.046667 0.077694
0 0.877500 0.700501 0.025000 0.042607
0 0.899167 0.704261 0.021667 0.045113
0 0.980833 0.699248 0.031667 0.055138
0 0.856667 0.679198 0.023333 0.050125
0 0.929167 0.700501 0.028333 0.047619
1 0.674167 0.709273 0.025000 0.045113
