0 0.579000 0.387006 0.022000 0.039548
0 0.615000 0.405367 0.022000 0.025424
0 0.489000 0.313559 0.022000 0.033898
0 0.444000 0.206215 0.024000 0.039548
0 0.389000 0.348870 0.018000 0.036723
0 0.355000 0.272599 0.022000 0.036723
0 0.306000 0.307910 0.024000 0.033898
0 0.204000 0.302260 0.024000 0.028249
0 0.280000 0.329096 0.024000 0.036723
0 0.165000 0.333333 0.026000 0.033898
0 0.131000 0.341808 0.026000 0.039548
0 0.178000 0.320621 0.020000 0.031073
1 0.351000 0.560734 0.086000 0.127119
1 0.258000 0.560734 0.092000 0.155367
1 0.144000 0.511299 0.104000 0.186441
1 0.427000 0.562147 0.090000 0.152542
1 0.491000 0.591808 0.086000 0.138418
1 0.559000 0.492938 0.082000 0.110169
1 0.592000 0.536723 0.088000 0.146893
1 0.753000 0.491525 0.098000 0.158192
1 0.876000 0.569209 0.096000 0.110169
1 0.803000 0.505650 0.070000 0.158192
