0 0.228906 0.569277 0.045313 0.066265
0 0.313281 0.598394 0.035938 0.060241
0 0.392969 0.572289 0.039062 0.064257
0 0.553125 0.560241 0.037500 0.064257
0 0.648438 0.540161 0.037500 0.056225
0 0.729688 0.544177 0.040625 0.064257
1 0.473438 0.564257 0.031250 0.048193
1 0.513281 0.554217 0.026563 0.044177
1 0.435938 0.540161 0.025000 0.036145
1 0.175000 0.585341 0.028125 0.042169
1 0.090625 0.601406 0.031250 0.038153
1 0.058594 0.636546 0.023438 0.036145
1 0.032813 0.706827 0.021875 0.032129
1 0.017188 0.610442 0.021875 0.032129
1 0.012500 0.701807 0.021875 0.038153
1 0.604688 0.595382 0.031250 0.046185
1 0.679688 0.572289 0.025000 0.032129
1 0.759375 0.558233 0.025000 0.036145
1 0.828125 0.573293 0.028125 0.038153
