0 0.664167 0.155860 0.095000 0.201995
0 0.791667 0.160848 0.076667 0.142145
0 0.580833 0.143392 0.028333 0.082294
0 0.600000 0.124688 0.020000 0.039900
0 0.488333 0.381546 0.023333 0.039900
0 0.415000 0.480050 0.023333 0.042394
0 0.417500 0.582294 0.035000 0.077307
0 0.366667 0.668329 0.040000 0.064838
0 0.308333 0.675810 0.046667 0.069825
0 0.076667 0.794264 0.060000 0.092269
0 0.090833 0.748130 0.045000 0.059850
0 0.040000 0.581047 0.043333 0.069825
0 0.136667 0.534913 0.033333 0.062344
0 0.198333 0.543641 0.036667 0.059850
0 0.327500 0.428928 0.021667 0.039900
0 0.335833 0.389027 0.018333 0.039900
