0 0.403203 0.366071 0.029248 0.049603
0 0.176184 0.384921 0.032033 0.047619
0 0.282033 0.366071 0.023677 0.041667
0 0.096797 0.184524 0.015320 0.023810
0 0.077994 0.193452 0.011142 0.013889
0 0.049443 0.195437 0.009749 0.017857
0 0.034123 0.191468 0.009749 0.017857
0 0.196379 0.173611 0.011142 0.021825
0 0.158078 0.536706 0.098886 0.144841
1 0.526462 0.360119 0.036212 0.057540
1 0.515320 0.629960 0.153203 0.228175
1 0.643454 0.509921 0.044568 0.079365
1 0.528552 0.495040 0.054318 0.081349
1 0.412256 0.590278 0.066852 0.125000
1 0.252089 0.385913 0.030641 0.045635
1 0.045961 0.459325 0.050139 0.065476
1 0.036908 0.551587 0.071031 0.142857
1 0.061281 0.408730 0.033426 0.051587
1 0.036908 0.367063 0.037604 0.063492
1 0.080084 0.380952 0.032033 0.047619
1 0.106546 0.355159 0.029248 0.035714
1 0.721448 0.534722 0.116992 0.180556
1 0.876741 0.561508 0.112813 0.162698
1 0.484680 0.234127 0.027855 0.047619
1 0.381616 0.375992 0.025070 0.041667
