0 0.086364 0.364179 0.078182 0.149254
0 0.193636 0.313433 0.070909 0.107463
0 0.193636 0.423881 0.067273 0.113433
0 0.287273 0.379104 0.061818 0.131343
0 0.255455 0.374627 0.038182 0.098507
0 0.325455 0.408955 0.036364 0.089552
0 0.346364 0.400000 0.041818 0.113433
0 0.395455 0.426866 0.052727 0.113433
0 0.442727 0.444776 0.041818 0.089552
0 0.600000 0.411940 0.043636 0.095522
0 0.625455 0.356716 0.050909 0.098507
0 0.671818 0.359701 0.041818 0.104478
0 0.723636 0.382090 0.047273 0.101493
0 0.760909 0.376119 0.041818 0.083582
0 0.844545 0.435821 0.049091 0.089552
0 0.883636 0.414925 0.047273 0.083582
0 0.933636 0.431343 0.041818 0.092537
1 0.534545 0.401493 0.061818 0.110448
1 0.021818 0.432836 0.040000 0.101493
