0 0.058594 0.801163 0.114063 0.216279
0 0.130469 0.660465 0.045313 0.083721
0 0.219531 0.624419 0.032813 0.053488
0 0.228906 0.683721 0.057813 0.116279
0 0.303125 0.682558 0.075000 0.109302
0 0.071875 0.546512 0.018750 0.032558
0 0.417188 0.659302 0.053125 0.104651
0 0.473438 0.703488 0.065625 0.127907
0 0.545312 0.760465 0.103125 0.176744
0 0.549219 0.623256 0.035938 0.046512
0 0.611719 0.622093 0.035938 0.053488
0 0.710938 0.750000 0.096875 0.165116
0 0.784375 0.868605 0.200000 0.262791
0 0.675781 0.675581 0.064063 0.095349
0 0.732031 0.636047 0.032813 0.058140
0 0.839844 0.701163 0.079688 0.132558
0 0.914844 0.713953 0.070312 0.139535
0 0.715625 0.603488 0.021875 0.039535
0 0.782813 0.624419 0.034375 0.053488
0 0.833594 0.610465 0.029688 0.044186
0 0.326563 0.776744 0.118750 0.167442
0 0.348438 0.653488 0.040625 0.079070
0 0.182813 0.550000 0.015625 0.025581
0 0.514062 0.641860 0.034375 0.060465
1 0.953906 0.600000 0.026563 0.037209
1 0.917188 0.623256 0.028125 0.041860
0 0.940625 0.647674 0.050000 0.067442
1 0.746875 0.598837 0.018750 0.025581
1 0.661719 0.605814 0.023438 0.030233
1 0.792188 0.593023 0.018750 0.027907
1 0.873438 0.595349 0.015625 0.027907
0 0.852344 0.593023 0.029688 0.037209
0 0.992188 0.617442 0.015625 0.048837
0 0.931250 0.590698 0.018750 0.023256
0 0.971094 0.601163 0.017188 0.034884
