0 0.682292 0.273438 0.356250 0.540625
0 0.862500 0.139063 0.029167 0.053125
0 0.858333 0.195312 0.025000 0.059375
0 0.882292 0.307813 0.035417 0.071875
0 0.908333 0.378125 0.037500 0.056250
0 0.940625 0.321875 0.035417 0.068750
0 0.918750 0.273438 0.037500 0.065625
0 0.928125 0.193750 0.031250 0.062500
0 0.967708 0.265625 0.035417 0.062500
0 0.917708 0.135938 0.027083 0.059375
0 0.965625 0.151563 0.031250 0.059375
0 0.990625 0.200000 0.018750 0.050000
0 0.945833 0.092188 0.029167 0.046875
0 0.964583 0.035938 0.033333 0.059375
1 0.206250 0.395313 0.408333 0.771875
1 0.333333 0.720313 0.104167 0.178125
1 0.462500 0.084375 0.033333 0.062500
1 0.427083 0.045313 0.033333 0.059375
