0 0.822500 0.493333 0.060000 0.093333
0 0.853750 0.460000 0.052500 0.053333
0 0.987500 0.543333 0.025000 0.093333
0 0.773750 0.493333 0.047500 0.073333
0 0.698750 0.501667 0.047500 0.083333
0 0.726250 0.493333 0.027500 0.053333
0 0.621250 0.476667 0.052500 0.073333
0 0.592500 0.473333 0.025000 0.066667
0 0.535000 0.495000 0.045000 0.063333
0 0.501250 0.486667 0.022500 0.053333
0 0.442500 0.468333 0.040000 0.063333
0 0.403750 0.475000 0.037500 0.070000
0 0.370000 0.471667 0.025000 0.036667
0 0.343750 0.466667 0.032500 0.053333
0 0.311250 0.483333 0.027500 0.053333
0 0.271250 0.483333 0.027500 0.040000
0 0.251250 0.473333 0.022500 0.046667
0 0.212500 0.498333 0.030000 0.043333
1 0.050000 0.465000 0.080000 0.110000
