0 0.196226 0.314433 0.071698 0.161512
0 0.252830 0.304124 0.049057 0.161512
0 0.290566 0.238832 0.030189 0.058419
0 0.299057 0.292096 0.024528 0.061856
0 0.343396 0.307560 0.030189 0.058419
0 0.344340 0.268041 0.028302 0.048110
0 0.351887 0.235395 0.024528 0.044674
0 0.401887 0.324742 0.037736 0.065292
0 0.442453 0.297251 0.028302 0.065292
0 0.471698 0.298969 0.033962 0.068729
0 0.440566 0.235395 0.032075 0.058419
0 0.472642 0.225086 0.032075 0.065292
0 0.513208 0.273196 0.033962 0.058419
0 0.543396 0.304124 0.030189 0.058419
0 0.572642 0.307560 0.032075 0.065292
0 0.536792 0.247423 0.032075 0.061856
0 0.584906 0.235395 0.033962 0.058419
0 0.633962 0.285223 0.033962 0.068729
0 0.674528 0.264605 0.024528 0.061856
0 0.697170 0.237113 0.024528 0.054983
0 0.721698 0.264605 0.028302 0.061856
0 0.741509 0.269759 0.022642 0.058419
0 0.764151 0.238832 0.033962 0.072165
0 0.826415 0.261168 0.037736 0.068729
0 0.861321 0.231959 0.032075 0.058419
0 0.897170 0.276632 0.035849 0.051546
0 0.944340 0.230241 0.032075 0.068729
0 0.145283 0.293814 0.030189 0.058419
0 0.162264 0.226804 0.030189 0.054983
0 0.080189 0.266323 0.024528 0.058419
0 0.097170 0.261168 0.028302 0.054983
0 0.044340 0.243986 0.032075 0.061856
