0 0.242312 0.392361 0.024802 0.049272
0 0.280754 0.397983 0.025794 0.049272
0 0.331845 0.403604 0.025794 0.043320
0 0.384921 0.404927 0.022817 0.040675
0 0.430060 0.398810 0.023810 0.040344
0 0.477183 0.405258 0.025298 0.041336
0 0.521081 0.395172 0.023810 0.046296
0 0.569444 0.385747 0.025298 0.043981
0 0.627480 0.396825 0.024802 0.044312
0 0.682044 0.407573 0.025794 0.045966
0 0.649926 0.507771 0.027530 0.046627
0 0.600198 0.511905 0.026290 0.047619
0 0.554812 0.510251 0.026290 0.044312
0 0.508433 0.500165 0.027778 0.048611
0 0.452257 0.515046 0.028026 0.048611
0 0.386409 0.516700 0.025794 0.049272
0 0.336558 0.513393 0.027282 0.047950
0 0.273562 0.500827 0.025794 0.047288
1 0.073537 0.378803 0.036954 0.047950
1 0.909102 0.405093 0.034474 0.046958
