0 0.078218 0.391161 0.059406 0.088391
0 0.158416 0.377309 0.045545 0.079156
0 0.220297 0.374670 0.040594 0.068602
0 0.280198 0.389842 0.037624 0.059367
0 0.354950 0.402375 0.034653 0.055409
0 0.440099 0.371372 0.036634 0.056728
0 0.508911 0.382586 0.033663 0.055409
0 0.564851 0.379947 0.034653 0.058047
0 0.648020 0.358179 0.032673 0.056728
0 0.668317 0.394459 0.031683 0.060686
0 0.714356 0.381266 0.038614 0.065963
0 0.796535 0.397757 0.050495 0.085752
0 0.898515 0.340369 0.052475 0.084433
0 0.946535 0.377968 0.043564 0.054090
