0 0.742500 0.388333 0.020000 0.013333
0 0.640000 0.394167 0.020000 0.011667
0 0.627500 0.420833 0.020000 0.015000
0 0.480000 0.475000 0.020000 0.013333
0 0.562500 0.494167 0.020000 0.015000
0 0.500000 0.446667 0.015000 0.013333
0 0.533750 0.451667 0.017500 0.013333
0 0.266250 0.902500 0.037500 0.028333
0 0.278750 0.863333 0.042500 0.026667
0 0.320000 0.675000 0.030000 0.020000
1 0.595000 0.590833 0.020000 0.015000
1 0.526250 0.675000 0.027500 0.020000
1 0.375000 0.670000 0.025000 0.020000
1 0.406250 0.514167 0.022500 0.018333
1 0.155000 0.638333 0.025000 0.020000
1 0.092500 0.645000 0.030000 0.020000
1 0.040000 0.687500 0.025000 0.021667
1 0.030000 0.710000 0.025000 0.023333
1 0.015000 0.845000 0.025000 0.026667
1 0.030000 0.812500 0.035000 0.028333
1 0.182500 0.878333 0.035000 0.023333
1 0.111250 0.925000 0.042500 0.030000
1 0.016250 0.903333 0.027500 0.026667
1 0.011250 0.872500 0.017500 0.025000
1 0.735000 0.780000 0.030000 0.023333
1 0.536250 0.947500 0.037500 0.028333
1 0.572500 0.898333 0.035000 0.026667
1 0.238750 0.953333 0.042500 0.026667
1 0.392500 0.833333 0.030000 0.023333
1 0.430000 0.829167 0.030000 0.021667
1 0.436250 0.798333 0.027500 0.023333
0 0.395000 0.786667 0.035000 0.023333
0 0.592500 0.823333 0.040000 0.026667
1 0.918750 0.982500 0.042500 0.028333
1 0.992500 0.862500 0.015000 0.025000
1 0.330000 0.720833 0.030000 0.025000
1 0.643750 0.529167 0.022500 0.015000
0 0.675000 0.496667 0.025000 0.016667
1 0.726250 0.467500 0.017500 0.011667
1 0.197500 0.349167 0.015000 0.011667
1 0.175000 0.350000 0.015000 0.010000
1 0.147500 0.354167 0.015000 0.011667
1 0.101250 0.382500 0.017500 0.011667
