0 0.561875 0.228814 0.081250 0.160075
0 0.881250 0.281544 0.117500 0.220339
0 0.787500 0.134652 0.087500 0.193974
0 0.690000 0.112053 0.070000 0.137476
0 0.540625 0.112994 0.058750 0.116761
0 0.462500 0.150659 0.067500 0.154426
0 0.365000 0.192090 0.080000 0.161959
0 0.332500 0.115819 0.062500 0.122411
1 0.381250 0.068738 0.035000 0.065913
1 0.494375 0.032957 0.026250 0.050847
1 0.595000 0.096045 0.027500 0.045198
1 0.613125 0.081921 0.021250 0.047081
1 0.635000 0.072505 0.025000 0.039548
1 0.657500 0.097928 0.015000 0.033898
1 0.731250 0.121469 0.022500 0.058380
1 0.781250 0.007533 0.017500 0.011299
1 0.728750 0.008475 0.015000 0.013183
1 0.925625 0.009416 0.018750 0.015066
1 0.947500 0.192090 0.032500 0.067797
1 0.950625 0.141243 0.031250 0.045198
1 0.100000 0.035782 0.020000 0.033898
1 0.083125 0.034840 0.023750 0.035782
1 0.135000 0.023540 0.055000 0.043315
