0 0.078182 0.562842 0.065455 0.109290
0 0.540909 0.532787 0.060000 0.092896
0 0.752727 0.359290 0.029091 0.051913
0 0.817273 0.370219 0.023636 0.040984
0 0.626364 0.491803 0.052727 0.098361
1 0.458182 0.642077 0.061818 0.109290
1 0.622727 0.598361 0.060000 0.109290
1 0.697273 0.513661 0.052727 0.087432
1 0.778182 0.565574 0.043636 0.092896
1 0.883636 0.616120 0.069091 0.106557
1 0.918182 0.543716 0.065455 0.098361
1 0.984545 0.460383 0.030909 0.079235
1 0.696364 0.454918 0.040000 0.051913
1 0.745455 0.454918 0.029091 0.057377
1 0.792727 0.418033 0.036364 0.049180
1 0.310000 0.603825 0.070909 0.131148
1 0.158182 0.635246 0.061818 0.112022
1 0.354545 0.581967 0.043636 0.081967
1 0.465455 0.525956 0.040000 0.095628
1 0.439091 0.484973 0.038182 0.068306
1 0.499091 0.449454 0.027273 0.040984
