0 0.096250 0.419173 0.032500 0.056391
0 0.116250 0.424812 0.022500 0.052632
0 0.166250 0.421053 0.032500 0.052632
0 0.188750 0.415414 0.022500 0.048872
0 0.241250 0.407895 0.032500 0.056391
0 0.303750 0.417293 0.027500 0.052632
0 0.382500 0.407895 0.030000 0.056391
0 0.403750 0.428571 0.022500 0.045113
0 0.438750 0.411654 0.032500 0.063910
0 0.481250 0.436090 0.027500 0.045113
0 0.548750 0.415414 0.032500 0.056391
0 0.602500 0.432331 0.030000 0.052632
0 0.633750 0.426692 0.022500 0.056391
0 0.652500 0.432331 0.030000 0.067669
0 0.711250 0.424812 0.042500 0.090226
0 0.752500 0.422932 0.035000 0.071429
0 0.787500 0.441729 0.035000 0.071429
0 0.823750 0.449248 0.062500 0.109023
0 0.940000 0.432331 0.060000 0.105263
0 0.986250 0.441729 0.027500 0.154135
1 0.340000 0.421053 0.035000 0.060150
1 0.881250 0.454887 0.072500 0.120301
1 0.515000 0.434211 0.025000 0.041353
