0 0.285000 0.295796 0.070000 0.129129
0 0.017000 0.306306 0.026000 0.048048
0 0.050000 0.303303 0.028000 0.048048
0 0.070000 0.294294 0.020000 0.042042
0 0.094000 0.307808 0.016000 0.027027
0 0.122000 0.286787 0.024000 0.045045
0 0.145000 0.285285 0.022000 0.042042
0 0.165000 0.297297 0.026000 0.042042
0 0.190000 0.295796 0.016000 0.033033
0 0.204000 0.291291 0.020000 0.042042
0 0.222000 0.289790 0.020000 0.045045
0 0.398000 0.285285 0.056000 0.102102
0 0.362000 0.282282 0.024000 0.048048
0 0.342000 0.280781 0.020000 0.039039
0 0.322000 0.279279 0.020000 0.036036
0 0.238000 0.297297 0.016000 0.030030
0 0.438000 0.268769 0.028000 0.051051
0 0.457000 0.265766 0.022000 0.051051
0 0.477000 0.280781 0.022000 0.045045
0 0.520000 0.274775 0.024000 0.051051
0 0.551000 0.276276 0.022000 0.042042
0 0.560000 0.262763 0.016000 0.033033
0 0.576000 0.286787 0.020000 0.033033
0 0.589000 0.276276 0.018000 0.054054
0 0.668000 0.298799 0.028000 0.051051
1 0.498000 0.279279 0.032000 0.066066
0 0.751000 0.261261 0.034000 0.060060
0 0.817000 0.291291 0.026000 0.042042
0 0.837000 0.256757 0.026000 0.045045
0 0.880000 0.304805 0.028000 0.051051
0 0.906000 0.285285 0.024000 0.048048
0 0.981000 0.306306 0.030000 0.054054
0 0.952000 0.274775 0.028000 0.045045
0 0.979000 0.264264 0.018000 0.030030
0 0.995000 0.288288 0.010000 0.048048
0 0.860000 0.286787 0.024000 0.033033
0 0.791000 0.289790 0.022000 0.045045
0 0.642000 0.268769 0.020000 0.045045
0 0.612000 0.277778 0.020000 0.045045
0 0.623000 0.276276 0.018000 0.036036
0 0.712000 0.291291 0.024000 0.048048
0 0.691000 0.267267 0.014000 0.036036
