0 0.144545 0.517711 0.081818 0.152589
0 0.211818 0.621253 0.060000 0.092643
0 0.230000 0.576294 0.060000 0.100817
0 0.434545 0.574932 0.061818 0.119891
0 0.479091 0.595368 0.045455 0.100817
0 0.539091 0.574932 0.060000 0.114441
0 0.780909 0.604905 0.041818 0.098093
0 0.842727 0.637602 0.041818 0.087193
0 0.973636 0.632153 0.038182 0.081744
0 0.752727 0.629428 0.029091 0.065395
0 0.809091 0.614441 0.025455 0.051771
0 0.058182 0.566757 0.025455 0.049046
0 0.026364 0.579019 0.023636 0.046322
0 0.006364 0.577657 0.009091 0.032698
0 0.391818 0.598093 0.030909 0.057221
1 0.353636 0.513624 0.067273 0.106267
