0 0.722000 0.271772 0.112000 0.189189
0 0.828000 0.297297 0.080000 0.144144
0 0.919000 0.369369 0.150000 0.210210
0 0.785000 0.306306 0.046000 0.114114
0 0.667000 0.306306 0.050000 0.090090
0 0.622000 0.373874 0.084000 0.129129
0 0.618000 0.300300 0.056000 0.072072
0 0.580000 0.312312 0.036000 0.078078
0 0.552000 0.336336 0.032000 0.072072
0 0.519000 0.310811 0.058000 0.111111
0 0.480000 0.330330 0.036000 0.072072
0 0.447000 0.310811 0.042000 0.087087
0 0.412000 0.300300 0.036000 0.078078
0 0.388000 0.307808 0.024000 0.063063
0 0.350000 0.300300 0.040000 0.078078
0 0.324000 0.298799 0.024000 0.057057
0 0.298000 0.310811 0.032000 0.057057
0 0.097000 0.331832 0.022000 0.033033
0 0.138000 0.322823 0.020000 0.039039
0 0.228000 0.321321 0.020000 0.042042
1 0.186000 0.297297 0.088000 0.162162
