0 0.074545 0.500000 0.018182 0.035422
0 0.099091 0.491826 0.020000 0.035422
0 0.129091 0.510899 0.018182 0.035422
0 0.158182 0.520436 0.018182 0.032698
0 0.169091 0.506812 0.018182 0.032698
0 0.149091 0.493188 0.014545 0.027248
0 0.162727 0.463215 0.016364 0.032698
0 0.185455 0.463215 0.014545 0.027248
0 0.209091 0.453678 0.014545 0.024523
0 0.198182 0.532698 0.018182 0.035422
0 0.222727 0.532698 0.016364 0.035422
0 0.208182 0.509537 0.016364 0.027248
0 0.219091 0.494550 0.016364 0.029973
0 0.226364 0.479564 0.016364 0.032698
0 0.245455 0.461853 0.014545 0.029973
0 0.266364 0.453678 0.009091 0.024523
0 0.288182 0.460490 0.012727 0.027248
0 0.260909 0.483651 0.012727 0.019074
0 0.275455 0.476839 0.012727 0.021798
0 0.283636 0.498638 0.018182 0.032698
0 0.271818 0.505450 0.012727 0.029973
0 0.260000 0.502725 0.014545 0.024523
0 0.248182 0.498638 0.016364 0.032698
0 0.256364 0.528610 0.018182 0.032698
0 0.310909 0.489101 0.018182 0.029973
0 0.323636 0.467302 0.014545 0.029973
0 0.310000 0.438692 0.012727 0.021798
0 0.314545 0.403270 0.010909 0.016349
0 0.342727 0.351499 0.009091 0.016349
0 0.353636 0.346049 0.009091 0.016349
0 0.339091 0.485014 0.016364 0.032698
0 0.346364 0.459128 0.012727 0.024523
0 0.363636 0.445504 0.014545 0.024523
0 0.384545 0.450954 0.016364 0.024523
0 0.370000 0.482289 0.016364 0.032698
0 0.390000 0.480926 0.016364 0.035422
0 0.405455 0.467302 0.014545 0.024523
0 0.409091 0.448229 0.010909 0.024523
0 0.412727 0.400545 0.010909 0.016349
0 0.508182 0.399183 0.009091 0.019074
0 0.430909 0.449591 0.014545 0.027248
0 0.452727 0.446866 0.014545 0.032698
0 0.472727 0.446866 0.014545 0.016349
0 0.476364 0.465940 0.014545 0.021798
0 0.502727 0.461853 0.016364 0.024523
0 0.524545 0.453678 0.020000 0.024523
0 0.522727 0.486376 0.016364 0.035422
0 0.523636 0.523161 0.014545 0.032698
0 0.532727 0.600817 0.018182 0.046322
0 0.490909 0.592643 0.018182 0.040872
0 0.498182 0.525886 0.018182 0.038147
0 0.503636 0.489101 0.014545 0.029973
0 0.474545 0.521798 0.018182 0.035422
0 0.458182 0.505450 0.014545 0.029973
0 0.444545 0.483651 0.016364 0.029973
0 0.469091 0.487738 0.014545 0.032698
0 0.445455 0.527248 0.018182 0.035422
0 0.422727 0.527248 0.020000 0.035422
0 0.421818 0.493188 0.014545 0.027248
0 0.403636 0.500000 0.014545 0.035422
0 0.391818 0.540872 0.016364 0.035422
0 0.376364 0.514986 0.014545 0.027248
0 0.376364 0.549046 0.018182 0.035422
0 0.346364 0.517711 0.016364 0.038147
0 0.329091 0.529973 0.018182 0.035422
0 0.304545 0.534060 0.016364 0.032698
0 0.176364 0.611717 0.021818 0.040872
0 0.180909 0.668937 0.020000 0.040872
0 0.200909 0.660763 0.023636 0.040872
0 0.210000 0.599455 0.020000 0.038147
0 0.240909 0.596730 0.020000 0.038147
0 0.240909 0.651226 0.020000 0.043597
0 0.279091 0.653951 0.020000 0.043597
0 0.277273 0.596730 0.020000 0.038147
0 0.301818 0.589918 0.018182 0.040872
0 0.332727 0.595368 0.018182 0.035422
0 0.334545 0.649864 0.018182 0.040872
0 0.363636 0.604905 0.021818 0.038147
0 0.380909 0.644414 0.020000 0.040872
0 0.397273 0.604905 0.016364 0.038147
0 0.425455 0.606267 0.018182 0.035422
0 0.477273 0.643052 0.020000 0.043597
0 0.494545 0.637602 0.018182 0.043597
0 0.603636 0.651226 0.021818 0.043597
0 0.557273 0.602180 0.020000 0.038147
0 0.634545 0.629428 0.021818 0.043597
0 0.661818 0.647139 0.018182 0.040872
0 0.693636 0.603542 0.020000 0.040872
0 0.714545 0.649864 0.018182 0.040872
0 0.760000 0.651226 0.021818 0.038147
0 0.814545 0.653951 0.018182 0.038147
0 0.547273 0.524523 0.018182 0.035422
0 0.581818 0.528610 0.018182 0.032698
0 0.603636 0.528610 0.018182 0.043597
0 0.627273 0.528610 0.018182 0.038147
0 0.653636 0.524523 0.020000 0.040872
0 0.668182 0.512262 0.020000 0.032698
0 0.681818 0.539510 0.018182 0.043597
0 0.702727 0.543597 0.020000 0.035422
0 0.724545 0.536785 0.020000 0.038147
0 0.752727 0.562670 0.021818 0.040872
0 0.785455 0.554496 0.018182 0.035422
0 0.815455 0.547684 0.016364 0.032698
0 0.906364 0.529973 0.020000 0.035422
0 0.926364 0.508174 0.016364 0.029973
0 0.950000 0.524523 0.020000 0.040872
0 0.855455 0.517711 0.020000 0.038147
0 0.828182 0.506812 0.020000 0.038147
0 0.805455 0.504087 0.018182 0.038147
0 0.788182 0.505450 0.020000 0.035422
0 0.891818 0.475477 0.016364 0.035422
0 0.867273 0.450954 0.018182 0.029973
0 0.860000 0.489101 0.018182 0.035422
0 0.841818 0.494550 0.014545 0.029973
0 0.770909 0.479564 0.018182 0.038147
0 0.783636 0.461853 0.014545 0.029973
0 0.800909 0.475477 0.016364 0.029973
0 0.801818 0.441417 0.014545 0.021798
0 0.765455 0.445504 0.018182 0.024523
0 0.745455 0.449591 0.018182 0.027248
0 0.733636 0.467302 0.016364 0.024523
0 0.734545 0.501362 0.014545 0.027248
1 0.718182 0.495913 0.018182 0.027248
0 0.696364 0.509537 0.018182 0.027248
0 0.682727 0.490463 0.016364 0.027248
0 0.661818 0.487738 0.018182 0.027248
0 0.645455 0.487738 0.014545 0.032698
0 0.630909 0.500000 0.014545 0.029973
0 0.629091 0.479564 0.014545 0.021798
0 0.606364 0.500000 0.012727 0.019074
0 0.599091 0.487738 0.016364 0.027248
0 0.610909 0.476839 0.014545 0.027248
0 0.665455 0.448229 0.014545 0.029973
0 0.682727 0.456403 0.016364 0.029973
0 0.641818 0.459128 0.018182 0.029973
0 0.706364 0.403270 0.009091 0.016349
0 0.700909 0.352861 0.009091 0.013624
0 0.688182 0.344687 0.009091 0.013624
0 0.670909 0.335150 0.010909 0.016349
0 0.591818 0.400545 0.009091 0.016349
0 0.616364 0.442779 0.014545 0.024523
0 0.597273 0.456403 0.016364 0.024523
0 0.584545 0.438692 0.012727 0.027248
0 0.561818 0.489101 0.018182 0.029973
0 0.539091 0.494550 0.020000 0.024523
0 0.548182 0.474114 0.016364 0.021798
0 0.557273 0.457766 0.016364 0.027248
0 0.541818 0.427793 0.014545 0.027248
1 0.512727 0.427793 0.014545 0.021798
0 0.828182 0.441417 0.016364 0.032698
0 0.494545 0.427793 0.010909 0.021798
1 0.445455 0.643052 0.018182 0.032698
