0 0.426875 0.318609 0.076250 0.144737
0 0.466875 0.351504 0.043750 0.097744
0 0.598125 0.334586 0.088750 0.169173
0 0.693125 0.385338 0.036250 0.060150
0 0.650000 0.388158 0.035000 0.054511
0 0.733750 0.375000 0.047500 0.073308
0 0.782500 0.356203 0.050000 0.103383
0 0.896875 0.390038 0.036250 0.065789
0 0.923750 0.381579 0.027500 0.067669
0 0.955000 0.379699 0.047500 0.078947
0 0.326250 0.358083 0.045000 0.110902
0 0.358750 0.378759 0.027500 0.054511
0 0.381875 0.375940 0.021250 0.048872
0 0.288125 0.355263 0.028750 0.056391
0 0.246250 0.301692 0.067500 0.118421
0 0.214375 0.350564 0.033750 0.050752
0 0.154375 0.356203 0.061250 0.110902
0 0.109375 0.376880 0.041250 0.058271
0 0.056250 0.325188 0.057500 0.112782
0 0.030000 0.382519 0.025000 0.035714
1 0.838125 0.362782 0.068750 0.131579
