0 0.483000 0.521186 0.058000 0.098870
0 0.452000 0.531073 0.028000 0.067797
0 0.567000 0.511299 0.062000 0.073446
0 0.668000 0.532486 0.072000 0.093220
0 0.724000 0.502825 0.040000 0.056497
0 0.735000 0.548023 0.042000 0.062147
0 0.792000 0.552260 0.048000 0.064972
0 0.918000 0.553672 0.060000 0.079096
1 0.054000 0.542373 0.076000 0.118644
1 0.162000 0.525424 0.024000 0.039548
1 0.199000 0.548023 0.022000 0.033898
1 0.248000 0.531073 0.028000 0.039548
1 0.295000 0.549435 0.038000 0.053672
1 0.351000 0.581921 0.042000 0.056497
1 0.233000 0.556497 0.022000 0.028249
1 0.609000 0.552260 0.030000 0.042373
1 0.869000 0.563559 0.070000 0.110169
