0 0.280000 0.320359 0.200000 0.197605
0 0.458000 0.264970 0.180000 0.170659
0 0.682000 0.306886 0.196000 0.182635
0 0.808000 0.221557 0.176000 0.197605
0 0.906000 0.220060 0.116000 0.152695
0 0.958000 0.191617 0.084000 0.149701
0 0.734000 0.058383 0.100000 0.080838
0 0.836000 0.088323 0.104000 0.086826
0 0.718000 0.131737 0.116000 0.065868
0 0.676000 0.176647 0.120000 0.089820
0 0.576000 0.205090 0.152000 0.152695
0 0.434000 0.134731 0.140000 0.107784
0 0.210000 0.212575 0.172000 0.161677
0 0.056000 0.305389 0.104000 0.185629
0 0.042000 0.161677 0.076000 0.095808
0 0.128000 0.215569 0.104000 0.155689
0 0.256000 0.148204 0.120000 0.110778
0 0.314000 0.121257 0.084000 0.098802
0 0.378000 0.068862 0.092000 0.083832
0 0.646000 0.104790 0.068000 0.047904
0 0.538000 0.059880 0.084000 0.047904
0 0.476000 0.053892 0.072000 0.053892
0 0.116000 0.116766 0.112000 0.059880
0 0.194000 0.101796 0.076000 0.053892
0 0.052000 0.100299 0.096000 0.056886
1 0.278000 0.034431 0.052000 0.050898
1 0.182000 0.046407 0.060000 0.038922
1 0.094000 0.059880 0.052000 0.047904
