0 0.467000 0.576125 0.054000 0.121107
0 0.376000 0.534602 0.040000 0.072664
0 0.360000 0.608997 0.060000 0.124567
0 0.327000 0.602076 0.046000 0.117647
0 0.260000 0.531142 0.040000 0.100346
0 0.184000 0.647059 0.112000 0.152249
0 0.183000 0.807958 0.162000 0.211073
0 0.560000 0.614187 0.072000 0.134948
0 0.589000 0.550173 0.050000 0.083045
0 0.562000 0.522491 0.036000 0.069204
0 0.634000 0.610727 0.064000 0.121107
0 0.684000 0.515571 0.044000 0.076125
0 0.710000 0.567474 0.052000 0.096886
0 0.796000 0.519031 0.040000 0.083045
0 0.898000 0.532872 0.044000 0.076125
0 0.910000 0.614187 0.076000 0.107266
0 0.948000 0.550173 0.052000 0.083045
1 0.845000 0.593426 0.066000 0.107266
1 0.841000 0.538062 0.054000 0.058824
1 0.986000 0.539792 0.028000 0.069204
1 0.539000 0.302768 0.026000 0.058824
1 0.439000 0.586505 0.026000 0.086505
