0 0.298182 0.433243 0.116364 0.217984
0 0.366364 0.471390 0.041818 0.098093
0 0.388182 0.495913 0.016364 0.043597
0 0.405455 0.505450 0.021818 0.051771
0 0.461818 0.529973 0.025455 0.057221
0 0.492727 0.510899 0.021818 0.046322
0 0.529091 0.494550 0.050909 0.100817
0 0.591818 0.614441 0.041818 0.079019
0 0.555455 0.497275 0.016364 0.046322
0 0.708182 0.538147 0.081818 0.106267
0 0.780000 0.500000 0.036364 0.073569
0 0.874545 0.490463 0.050909 0.103542
0 0.046364 0.495913 0.038182 0.070845
0 0.140000 0.512262 0.025455 0.054496
1 0.166364 0.485014 0.056364 0.103542
1 0.930000 0.521798 0.070909 0.138965
