0 0.492500 0.418889 0.025000 0.033333
0 0.592500 0.407778 0.018333 0.028889
0 0.643333 0.398889 0.016667 0.028889
0 0.784167 0.397778 0.018333 0.031111
0 0.813333 0.405556 0.020000 0.028889
1 0.191667 0.417778 0.023333 0.035556
1 0.162500 0.420000 0.021667 0.035556
1 0.395833 0.421111 0.018333 0.028889
1 0.552500 0.407778 0.018333 0.024444
1 0.533333 0.414444 0.016667 0.024444
1 0.715000 0.401111 0.016667 0.024444
1 0.680833 0.402222 0.018333 0.022222
1 0.755000 0.390000 0.016667 0.024444
1 0.745833 0.398889 0.011667 0.020000
1 0.827500 0.396667 0.015000 0.024444
1 0.796667 0.402222 0.016667 0.026667
0 0.783333 0.397778 0.016667 0.031111
0 0.813333 0.405556 0.016667 0.028889
0 0.890833 0.398889 0.018333 0.028889
