0 0.067179 0.369333 0.010894 0.016000
0 0.092179 0.366444 0.010056 0.015556
0 0.120950 0.360889 0.009497 0.017778
0 0.152514 0.362444 0.009497 0.017333
0 0.177514 0.357556 0.010335 0.017333
0 0.164804 0.321556 0.008939 0.016444
0 0.132263 0.323778 0.009218 0.016444
0 0.103212 0.322889 0.009218 0.016444
0 0.077793 0.323778 0.009218 0.016444
0 0.186313 0.317778 0.008380 0.016000
0 0.089804 0.290889 0.008659 0.019111
0 0.114665 0.285556 0.009777 0.018222
0 0.123883 0.255111 0.008659 0.016000
0 0.093296 0.253778 0.009497 0.016889
0 0.100559 0.228000 0.011173 0.016000
0 0.110754 0.200000 0.010335 0.016000
0 0.140922 0.203111 0.010335 0.015111
0 0.132682 0.228889 0.008939 0.017778
0 0.159218 0.234667 0.008939 0.015111
0 0.185335 0.229111 0.009218 0.017333
0 0.169553 0.199111 0.008380 0.016889
0 0.193994 0.200222 0.008659 0.015556
0 0.212849 0.201556 0.009497 0.016444
0 0.209916 0.231333 0.009218 0.015556
0 0.203212 0.365556 0.009218 0.017333
0 0.215503 0.317111 0.009777 0.016444
0 0.237989 0.361333 0.010056 0.017778
0 0.235056 0.396667 0.009777 0.015556
0 0.260754 0.395556 0.009218 0.016889
0 0.263268 0.363111 0.008659 0.017778
0 0.249162 0.319778 0.009497 0.015556
0 0.269274 0.318667 0.008939 0.016889
0 0.227514 0.430222 0.009777 0.016889
0 0.248883 0.433111 0.009497 0.012889
0 0.224581 0.461778 0.009497 0.018667
0 0.243575 0.471333 0.009497 0.014667
0 0.218715 0.504444 0.011173 0.017778
0 0.231844 0.497111 0.010056 0.019111
0 0.235754 0.531111 0.010615 0.019556
0 0.208659 0.526889 0.011732 0.018222
0 0.170810 0.517111 0.010894 0.015556
0 0.162989 0.538667 0.011453 0.018667
0 0.142318 0.514889 0.010894 0.019111
0 0.137430 0.545778 0.012291 0.017778
0 0.115922 0.510889 0.010615 0.018222
0 0.108240 0.546222 0.011453 0.015111
0 0.527514 0.446444 0.009777 0.015556
0 0.527235 0.508444 0.008659 0.017778
0 0.442598 0.512889 0.008659 0.018667
0 0.445810 0.439556 0.008939 0.018667
0 0.910335 0.517778 0.013408 0.019556
0 0.880866 0.518889 0.010894 0.019111
0 0.897626 0.473333 0.010894 0.021333
0 0.866899 0.475333 0.010335 0.020000
0 0.886453 0.434000 0.009777 0.020000
0 0.858240 0.435556 0.009777 0.016000
0 0.854190 0.400889 0.010615 0.017778
0 0.874162 0.406444 0.010335 0.017333
0 0.894274 0.368889 0.010335 0.018667
0 0.916201 0.361778 0.011173 0.016000
0 0.939106 0.364889 0.010056 0.015111
0 0.923184 0.329111 0.010056 0.017333
0 0.902374 0.330889 0.010335 0.016444
0 0.883240 0.330444 0.011173 0.015556
0 0.867318 0.366444 0.010615 0.019111
0 0.857821 0.335778 0.010056 0.016444
0 0.840782 0.370667 0.010056 0.018667
0 0.829609 0.337778 0.011173 0.017778
0 0.844553 0.306667 0.009218 0.017778
0 0.822626 0.307111 0.008939 0.016889
0 0.841480 0.286222 0.009218 0.016000
0 0.681704 0.186222 0.008101 0.015111
0 0.700838 0.184222 0.007821 0.016444
0 0.710056 0.221556 0.007821 0.019111
0 0.724441 0.283111 0.009218 0.017778
0 0.724441 0.314222 0.010335 0.020444
0 0.704609 0.310222 0.010335 0.018667
0 0.708939 0.334000 0.010615 0.018222
0 0.697207 0.289778 0.008380 0.016889
0 0.695810 0.262222 0.007821 0.016000
0 0.691201 0.241778 0.008101 0.017778
0 0.683240 0.221556 0.008380 0.016444
0 0.716341 0.246889 0.008659 0.017333
0 0.720391 0.254222 0.006704 0.017778
0 0.713966 0.373111 0.008939 0.018222
0 0.741760 0.368444 0.009218 0.018667
0 0.775978 0.372667 0.008939 0.019111
0 0.768575 0.336667 0.009777 0.017333
0 0.739246 0.336667 0.008659 0.017333
0 0.815642 0.281333 0.008939 0.019556
0 0.804050 0.372444 0.008659 0.018667
0 0.798883 0.337556 0.009497 0.019111
0 0.810196 0.254222 0.008101 0.018667
0 0.832961 0.250444 0.008380 0.019111
0 0.827793 0.233111 0.008101 0.016444
0 0.820670 0.208000 0.008380 0.016889
0 0.802514 0.226000 0.008939 0.017333
0 0.792598 0.211111 0.008659 0.017778
0 0.784078 0.188667 0.009497 0.019111
0 0.813268 0.183778 0.009777 0.017333
0 0.940782 0.773778 0.016201 0.022222
0 0.925978 0.826000 0.015084 0.020889
0 0.921508 0.866889 0.015642 0.023556
0 0.876117 0.747556 0.015922 0.022222
0 0.542877 0.932444 0.012570 0.024000
0 0.510615 0.757556 0.014525 0.023556
0 0.487151 0.769556 0.011173 0.022667
0 0.466201 0.754444 0.010056 0.023556
0 0.440642 0.762889 0.011453 0.020889
0 0.423883 0.870667 0.013128 0.021333
0 0.432821 0.730000 0.012570 0.019111
0 0.015223 0.755778 0.016480 0.022667
0 0.100140 0.745333 0.015922 0.018667
0 0.080028 0.516000 0.010335 0.018667
0 0.071788 0.548444 0.012291 0.018667
0 0.040922 0.552667 0.011453 0.020000
0 0.016480 0.547556 0.014525 0.022222
0 0.035475 0.511556 0.013408 0.017778
0 0.237011 0.235111 0.008659 0.016000
0 0.240642 0.208667 0.008659 0.018222
0 0.266480 0.232444 0.008380 0.016889
0 0.285056 0.233111 0.008101 0.015556
0 0.289665 0.204444 0.007821 0.016000
0 0.269274 0.205333 0.008380 0.016000
