0 0.684000 0.460961 0.220000 0.327327
0 0.216000 0.225225 0.320000 0.444444
1 0.896000 0.686186 0.104000 0.177177
1 0.797000 0.569069 0.062000 0.129129
1 0.806000 0.475976 0.056000 0.099099
1 0.824000 0.417417 0.044000 0.072072
1 0.926000 0.459459 0.044000 0.066066
1 0.943000 0.552553 0.062000 0.102102
1 0.920000 0.415916 0.032000 0.039039
1 0.547000 0.411411 0.042000 0.090090
1 0.505000 0.415916 0.038000 0.063063
1 0.507000 0.540541 0.058000 0.108108
1 0.434000 0.439940 0.052000 0.075075
1 0.371000 0.600601 0.070000 0.090090
1 0.364000 0.534535 0.056000 0.084084
1 0.340000 0.442943 0.052000 0.093093
1 0.282000 0.397898 0.040000 0.069069
1 0.269000 0.451952 0.042000 0.075075
