0 0.472000 0.107784 0.080000 0.155689
0 0.654000 0.173653 0.036000 0.065868
0 0.802000 0.166168 0.048000 0.086826
0 0.901000 0.125749 0.046000 0.077844
0 0.369000 0.158683 0.026000 0.047904
0 0.336000 0.170659 0.028000 0.047904
0 0.070000 0.169162 0.020000 0.038922
0 0.091000 0.173653 0.022000 0.047904
0 0.117000 0.173653 0.014000 0.023952
0 0.131000 0.151198 0.034000 0.068862
0 0.182000 0.172156 0.012000 0.020958
0 0.192000 0.167665 0.012000 0.023952
0 0.209000 0.176647 0.014000 0.023952
0 0.222000 0.175150 0.016000 0.038922
0 0.235000 0.170659 0.014000 0.023952
0 0.262000 0.176647 0.012000 0.023952
0 0.284000 0.173653 0.016000 0.035928
0 0.272000 0.176647 0.008000 0.023952
0 0.306000 0.178144 0.012000 0.020958
0 0.353000 0.172156 0.014000 0.032934
0 0.325000 0.181138 0.010000 0.032934
0 0.433000 0.169162 0.026000 0.044910
