0 0.752000 0.456215 0.046000 0.078007
0 0.785167 0.488425 0.011667 0.028686
0 0.816833 0.485657 0.009000 0.017111
0 0.862167 0.488676 0.009667 0.015098
0 0.650167 0.469804 0.047667 0.087066
0 0.569167 0.482889 0.045000 0.084046
0 0.522500 0.463764 0.036333 0.061902
0 0.411333 0.457222 0.043333 0.058883
0 0.533833 0.339960 0.005000 0.009562
0 0.475000 0.378460 0.004667 0.009059
0 0.302333 0.458228 0.042000 0.063915
0 0.231333 0.386764 0.004000 0.006543
0 0.226833 0.383493 0.003667 0.007046
0 0.219667 0.381731 0.004667 0.006543
0 0.968333 0.591595 0.029333 0.054857
