0 0.300312 0.472917 0.019375 0.030833
0 0.265313 0.502083 0.023125 0.039167
0 0.177813 0.354583 0.026875 0.035833
0 0.196250 0.271250 0.020000 0.037500
0 0.254688 0.418750 0.024375 0.039167
0 0.247813 0.379167 0.021875 0.030000
0 0.414687 0.587500 0.021875 0.035000
0 0.808125 0.372500 0.018750 0.025000
0 0.811875 0.320417 0.020000 0.025833
0 0.758750 0.286667 0.018750 0.025000
0 0.868750 0.659167 0.022500 0.028333
0 0.520312 0.647500 0.020625 0.031667
0 0.149688 0.216667 0.021875 0.033333
0 0.170937 0.182500 0.021875 0.030000
0 0.157500 0.155833 0.020000 0.026667
0 0.135625 0.120417 0.020000 0.034167
0 0.127188 0.098750 0.018125 0.024167
0 0.607187 0.183333 0.014375 0.023333
0 0.499063 0.492917 0.016875 0.029167
1 0.444688 0.322083 0.011875 0.020833
1 0.432500 0.363750 0.017500 0.025833
1 0.461875 0.378333 0.012500 0.023333
1 0.468438 0.405000 0.014375 0.021667
1 0.419063 0.435833 0.015625 0.021667
1 0.409375 0.404167 0.013750 0.021667
