0 0.676667 0.468125 0.026667 0.053750
0 0.715417 0.876250 0.034167 0.070000
0 0.401667 0.805625 0.033333 0.061250
0 0.286667 0.801875 0.043333 0.058750
0 0.177500 0.781250 0.036667 0.067500
0 0.147917 0.954375 0.060833 0.088750
0 0.902083 0.523125 0.034167 0.048750
0 0.839583 0.646875 0.022500 0.036250
0 0.757083 0.639375 0.029167 0.043750
0 0.846250 0.430625 0.027500 0.051250
0 0.938750 0.458750 0.025833 0.040000
0 0.688333 0.442500 0.023333 0.035000
0 0.660000 0.460000 0.025000 0.055000
0 0.624167 0.445000 0.030000 0.052500
0 0.494583 0.506250 0.030833 0.050000
0 0.498750 0.405625 0.022500 0.038750
0 0.550833 0.421875 0.023333 0.041250
0 0.472500 0.378750 0.021667 0.035000
0 0.079583 0.521250 0.034167 0.057500
0 0.225833 0.315000 0.018333 0.027500
0 0.187083 0.291250 0.020833 0.030000
0 0.170417 0.248750 0.019167 0.030000
0 0.162917 0.303125 0.014167 0.026250
1 0.420000 0.485000 0.031667 0.050000
1 0.225417 0.501250 0.029167 0.032500
