0 0.473250 0.128000 0.027500 0.064000
0 0.358500 0.524000 0.028000 0.072000
0 0.295500 0.524000 0.028000 0.072000
0 0.414750 0.521000 0.036500 0.076000
0 0.451000 0.541000 0.025000 0.076000
0 0.475000 0.541000 0.029000 0.092000
0 0.496750 0.503000 0.024500 0.066000
0 0.506000 0.554500 0.022000 0.071000
0 0.548250 0.584500 0.033500 0.085000
0 0.563250 0.507000 0.024500 0.066000
0 0.622750 0.553500 0.028500 0.077000
0 0.614500 0.505000 0.026000 0.062000
0 0.639500 0.524000 0.024000 0.064000
0 0.666250 0.534000 0.026500 0.080000
0 0.702500 0.530500 0.025000 0.069000
0 0.705000 0.494000 0.028000 0.064000
0 0.751750 0.490500 0.026500 0.057000
0 0.755500 0.529500 0.026000 0.073000
0 0.835250 0.509500 0.031500 0.069000
0 0.819750 0.603000 0.035500 0.084000
0 0.725500 0.633000 0.034000 0.092000
0 0.435750 0.726000 0.029500 0.088000
