0 0.458182 0.156364 0.047273 0.112727
0 0.510000 0.213636 0.032727 0.096364
0 0.543636 0.184545 0.049091 0.136364
0 0.588636 0.452727 0.068182 0.185455
0 0.604545 0.193636 0.040000 0.118182
0 0.645909 0.170000 0.062727 0.150909
0 0.731818 0.064545 0.063636 0.121818
0 0.780909 0.097273 0.047273 0.118182
0 0.860000 0.358182 0.090909 0.210909
0 0.869091 0.124545 0.045455 0.143636
0 0.945909 0.106364 0.108182 0.209091
0 0.409091 0.390000 0.025455 0.070909
0 0.349091 0.080909 0.045455 0.121818
0 0.245909 0.191818 0.046364 0.114545
0 0.156364 0.205455 0.047273 0.112727
0 0.092727 0.163636 0.052727 0.112727
