0 0.461667 0.432540 0.055000 0.138095
0 0.332500 0.384921 0.051667 0.134921
0 0.530833 0.378571 0.051667 0.128571
0 0.432083 0.320635 0.047500 0.120635
0 0.272500 0.342857 0.055000 0.117460
0 0.220417 0.403175 0.054167 0.133333
0 0.143333 0.387302 0.058333 0.139683
0 0.082083 0.389683 0.062500 0.134921
0 0.013333 0.267460 0.025000 0.141270
0 0.626667 0.480159 0.053333 0.119048
0 0.667500 0.381746 0.051667 0.128571
0 0.571250 0.325397 0.044167 0.117460
0 0.694167 0.339683 0.046667 0.107937
0 0.768750 0.403175 0.049167 0.136508
0 0.822083 0.348413 0.045833 0.112698
0 0.871250 0.388095 0.049167 0.131746
0 0.931667 0.346825 0.055000 0.128571
0 0.984583 0.369841 0.030833 0.136508
