0 0.662304 0.395787 0.154450 0.299335
0 0.810864 0.389135 0.103403 0.263858
0 0.916885 0.374723 0.147906 0.305987
0 0.892016 0.298226 0.116492 0.263858
0 0.809555 0.076497 0.100785 0.148559
0 0.619764 0.175166 0.113874 0.266075
0 0.707461 0.152993 0.079843 0.199557
0 0.927356 0.100887 0.098168 0.148559
0 0.578534 0.089800 0.089005 0.166297
0 0.474476 0.221729 0.095550 0.195122
0 0.287958 0.074279 0.078534 0.144124
0 0.359948 0.060976 0.078534 0.117517
0 0.069372 0.066519 0.081152 0.128603
1 0.283377 0.333703 0.111257 0.250554
1 0.374346 0.233925 0.104712 0.210643
1 0.054974 0.490022 0.107330 0.221729
1 0.462696 0.535477 0.134817 0.250554
