0 0.463000 0.384731 0.074000 0.152695
0 0.530000 0.514970 0.080000 0.137725
0 0.627000 0.517964 0.074000 0.107784
0 0.085000 0.369760 0.166000 0.224551
0 0.126000 0.306886 0.096000 0.116766
0 0.356000 0.172156 0.016000 0.026946
1 0.399000 0.685629 0.086000 0.167665
1 0.219000 0.793413 0.110000 0.239521
1 0.054000 0.669162 0.104000 0.272455
1 0.248000 0.585329 0.132000 0.242515
1 0.739000 0.564371 0.158000 0.254491
1 0.908000 0.583832 0.060000 0.101796
1 0.931000 0.501497 0.066000 0.098802
1 0.878000 0.449102 0.044000 0.065868
1 0.717000 0.417665 0.058000 0.092814
1 0.667000 0.426647 0.042000 0.068862
1 0.628000 0.408683 0.040000 0.080838
1 0.510000 0.387725 0.048000 0.086826
1 0.268000 0.344311 0.072000 0.119760
1 0.245000 0.438623 0.062000 0.092814
1 0.317000 0.335329 0.046000 0.095808
1 0.230000 0.029940 0.016000 0.035928
1 0.953000 0.425150 0.030000 0.047904
1 0.970000 0.446108 0.036000 0.059880
1 0.745000 0.332335 0.022000 0.029940
1 0.679000 0.371257 0.026000 0.047904
1 0.192000 0.022455 0.016000 0.026946
