0 0.450000 0.270661 0.066667 0.119835
0 0.370000 0.252066 0.066667 0.107438
0 0.293333 0.206612 0.080000 0.123967
0 0.195000 0.256198 0.103333 0.132231
0 0.458333 0.173554 0.056667 0.099174
0 0.506667 0.194215 0.046667 0.099174
0 0.550000 0.202479 0.053333 0.099174
0 0.561667 0.152893 0.050000 0.074380
0 0.623333 0.169421 0.060000 0.090909
0 0.676667 0.204545 0.046667 0.086777
0 0.728333 0.214876 0.050000 0.082645
0 0.698333 0.142562 0.043333 0.070248
0 0.768333 0.181818 0.050000 0.082645
0 0.815000 0.163223 0.050000 0.078512
