0 0.674402 0.451220 0.049226 0.076923
0 0.443741 0.466229 0.035162 0.065666
0 0.451477 0.304878 0.033755 0.061914
0 0.480309 0.287054 0.026723 0.045028
0 0.550633 0.294559 0.032349 0.056285
0 0.527426 0.289869 0.025316 0.058161
0 0.624473 0.287992 0.030942 0.050657
0 0.392405 0.319887 0.030942 0.058161
0 0.419831 0.324578 0.029536 0.052533
0 0.307314 0.299250 0.035162 0.058161
0 0.123769 0.328330 0.036568 0.060038
0 0.064698 0.337711 0.045007 0.063790
0 0.759494 0.278612 0.042194 0.073171
0 0.825598 0.302064 0.053446 0.075047
0 0.902954 0.287992 0.042194 0.069418
0 0.727145 0.304878 0.033755 0.058161
0 0.375527 0.302064 0.022504 0.041276
1 0.250352 0.331144 0.030942 0.054409
1 0.168776 0.339587 0.039381 0.052533
