0 0.666504 0.337482 0.100586 0.197657
0 0.835449 0.368960 0.151367 0.269400
0 0.534668 0.400439 0.034180 0.060029
0 0.502441 0.454612 0.032227 0.054173
0 0.504395 0.415813 0.028320 0.040996
0 0.490723 0.396779 0.012695 0.026354
0 0.470703 0.417277 0.005859 0.008785
0 0.407227 0.346999 0.089844 0.163982
0 0.332031 0.448023 0.027344 0.052709
0 0.362793 0.421669 0.014648 0.032211
0 0.379395 0.453148 0.018555 0.039531
0 0.315430 0.439239 0.007812 0.017570
0 0.273438 0.475842 0.025391 0.035139
0 0.151855 0.472182 0.008789 0.016105
0 0.061035 0.464861 0.061523 0.092240
