0 0.580566 0.662402 0.159180 0.407480
0 0.933105 0.845472 0.040039 0.112205
0 0.419434 0.695866 0.018555 0.068898
0 0.323242 0.703740 0.019531 0.053150
0 0.337402 0.686024 0.012695 0.053150
0 0.333984 0.296260 0.117188 0.273622
0 0.172852 0.426181 0.011719 0.029528
0 0.197266 0.237205 0.011719 0.033465
0 0.177734 0.231299 0.009766 0.029528
0 0.197266 0.204724 0.009766 0.027559
0 0.135742 0.235236 0.013672 0.033465
0 0.124512 0.195866 0.010742 0.025591
0 0.144043 0.195866 0.008789 0.025591
0 0.159668 0.197835 0.008789 0.025591
0 0.177734 0.195866 0.009766 0.025591
1 0.385742 0.712598 0.031250 0.066929
1 0.348633 0.685039 0.023438 0.055118
1 0.303223 0.732283 0.022461 0.059055
1 0.273926 0.689961 0.022461 0.061024
1 0.235840 0.756890 0.026367 0.053150
1 0.225586 0.695866 0.019531 0.049213
1 0.053711 0.188976 0.017578 0.043307
1 0.010742 0.194882 0.019531 0.047244
1 0.091309 0.216535 0.018555 0.047244
1 0.117188 0.238189 0.009766 0.023622
1 0.159180 0.243110 0.009766 0.021654
1 0.146484 0.885827 0.052734 0.137795
