0 0.475417 0.220833 0.042500 0.095000
0 0.576667 0.796667 0.046667 0.096667
0 0.481667 0.778333 0.035000 0.086667
0 0.628333 0.655000 0.026667 0.070000
0 0.598333 0.662500 0.025000 0.061667
0 0.663333 0.658333 0.016667 0.070000
0 0.762083 0.643333 0.012500 0.036667
0 0.830417 0.573333 0.032500 0.080000
0 0.984167 0.610833 0.028333 0.085000
0 0.108750 0.563333 0.042500 0.096667
0 0.396667 0.796667 0.040000 0.103333
0 0.356250 0.890833 0.039167 0.085000
1 0.212917 0.481667 0.049167 0.116667
1 0.327083 0.634167 0.010833 0.031667
