0 0.500521 0.305556 0.061458 0.118519
0 0.598958 0.306481 0.075000 0.135185
0 0.677083 0.261111 0.058333 0.122222
0 0.869792 0.296296 0.062500 0.114815
0 0.444271 0.228704 0.061458 0.124074
0 0.345313 0.298148 0.065625 0.122222
1 0.090104 0.543519 0.140625 0.298148
1 0.254167 0.287963 0.029167 0.053704
1 0.786979 0.310185 0.028125 0.061111
1 0.908854 0.327778 0.057292 0.122222
1 0.972917 0.350000 0.052083 0.114815
1 0.547917 0.342593 0.027083 0.062963
1 0.559375 0.316667 0.020833 0.048148
1 0.386458 0.294444 0.022917 0.048148
