0 0.957333 0.795299 0.034667 0.035260
0 0.955333 0.725759 0.033333 0.033301
0 0.876667 0.786484 0.036000 0.031342
0 0.877333 0.716944 0.032000 0.031342
0 0.851333 0.707150 0.030667 0.027424
0 0.812000 0.714496 0.032000 0.032321
0 0.799333 0.775220 0.033333 0.032321
0 0.584000 0.777179 0.029333 0.030362
0 0.656667 0.789422 0.030667 0.033301
0 0.730000 0.771303 0.036000 0.034280
0 0.754667 0.716944 0.034667 0.031342
0 0.500667 0.765916 0.028000 0.029383
0 0.440000 0.782076 0.032000 0.026445
0 0.612000 0.707640 0.026667 0.026445
0 0.626667 0.683643 0.029333 0.027424
0 0.687333 0.683154 0.028000 0.028404
0 0.696667 0.713026 0.028000 0.027424
0 0.646667 0.714496 0.026667 0.030362
0 0.078000 0.766895 0.036000 0.035260
0 0.162000 0.756121 0.036000 0.033301
0 0.230000 0.765426 0.036000 0.032321
0 0.286000 0.765426 0.033333 0.032321
0 0.342667 0.763467 0.029333 0.032321
0 0.352000 0.712537 0.032000 0.030362
0 0.324000 0.686582 0.029333 0.029383
0 0.236000 0.706170 0.029333 0.029383
0 0.262000 0.693928 0.025333 0.030362
0 0.296000 0.681685 0.026667 0.027424
0 0.284000 0.662586 0.024000 0.026445
0 0.399333 0.703722 0.028000 0.032321
0 0.421333 0.693438 0.024000 0.027424
0 0.445333 0.710578 0.026667 0.030362
0 0.468667 0.690010 0.028000 0.028404
0 0.501333 0.697356 0.026667 0.029383
0 0.558000 0.701273 0.030667 0.029383
0 0.549333 0.665524 0.026667 0.024486
0 0.446667 0.673849 0.024000 0.023506
0 0.022000 0.692948 0.030667 0.028404
0 0.028000 0.670911 0.029333 0.019589
0 0.084667 0.678746 0.030667 0.031342
0 0.117333 0.672870 0.029333 0.029383
0 0.155333 0.680705 0.028000 0.029383
0 0.185333 0.666993 0.026667 0.025465
0 0.222667 0.671401 0.026667 0.028404
0 0.735333 0.704701 0.030667 0.030362
1 0.932000 0.709598 0.026667 0.026445
