0 0.148802 0.222222 0.179067 0.306667
0 0.320933 0.208889 0.112232 0.235556
0 0.366961 0.190000 0.080706 0.197778
0 0.422446 0.261111 0.073140 0.166667
0 0.527112 0.221111 0.070618 0.166667
0 0.617276 0.217778 0.059269 0.155556
0 0.732030 0.202222 0.054224 0.137778
0 0.875788 0.272222 0.056747 0.122222
1 0.784363 0.260000 0.047919 0.111111
1 0.974149 0.245556 0.046658 0.153333
1 0.946406 0.244444 0.034048 0.093333
1 0.916141 0.271111 0.016393 0.044444
1 0.578184 0.256667 0.013871 0.033333
1 0.489912 0.245556 0.031526 0.091111
1 0.256620 0.243333 0.013871 0.028889
1 0.037201 0.214444 0.018916 0.037778
1 0.048550 0.204444 0.016393 0.035556
