0 0.197000 0.404088 0.330000 0.588050
0 0.711000 0.734277 0.270000 0.455975
0 0.465000 0.613208 0.022000 0.037736
0 0.293000 0.628931 0.022000 0.037736
0 0.460000 0.567610 0.016000 0.034591
0 0.466000 0.506289 0.016000 0.031447
0 0.547000 0.602201 0.018000 0.034591
0 0.590000 0.528302 0.016000 0.031447
0 0.590000 0.595912 0.016000 0.034591
0 0.645000 0.492138 0.018000 0.034591
0 0.913000 0.650943 0.022000 0.050314
0 0.541000 0.548742 0.018000 0.034591
1 0.579000 0.646226 0.022000 0.040881
1 0.526000 0.625786 0.020000 0.031447
1 0.832000 0.404088 0.016000 0.034591
1 0.875000 0.377358 0.018000 0.031447
1 0.852000 0.399371 0.016000 0.031447
1 0.888000 0.638365 0.024000 0.037736
1 0.866000 0.595912 0.020000 0.034591
1 0.557000 0.638365 0.018000 0.031447
1 0.503000 0.724843 0.086000 0.147799
1 0.441000 0.839623 0.170000 0.213836
1 0.874000 0.786164 0.136000 0.245283
1 0.402000 0.606918 0.016000 0.031447
1 0.428000 0.594340 0.016000 0.031447
1 0.457000 0.591195 0.018000 0.031447
1 0.334000 0.515723 0.016000 0.031447
1 0.552000 0.493711 0.012000 0.025157
