0 0.511111 0.208889 0.064444 0.151111
0 0.662778 0.224444 0.134444 0.262222
0 0.913333 0.146667 0.093333 0.177778
0 0.482778 0.253333 0.041111 0.088889
0 0.430556 0.247778 0.050000 0.108889
0 0.282222 0.295556 0.111111 0.213333
0 0.063889 0.247778 0.072222 0.135556
1 0.791667 0.224444 0.045556 0.102222
1 0.728889 0.248889 0.033333 0.080000
1 0.180000 0.311111 0.044444 0.106667
1 0.213889 0.283333 0.027778 0.064444
1 0.143889 0.272222 0.018889 0.046667
1 0.127222 0.291111 0.021111 0.044444
1 0.101111 0.295556 0.022222 0.040000
