0 0.132500 0.375714 0.086429 0.185714
0 0.050714 0.370714 0.035714 0.101429
0 0.179643 0.385714 0.035000 0.102857
0 0.280357 0.380714 0.040714 0.101429
0 0.378214 0.370714 0.042143 0.095714
0 0.455000 0.347857 0.037143 0.095714
0 0.509643 0.359286 0.042143 0.104286
0 0.580357 0.340714 0.040714 0.087143
0 0.611786 0.307857 0.023571 0.064286
0 0.642857 0.382143 0.084286 0.204286
0 0.683214 0.345714 0.043571 0.125714
0 0.710000 0.330714 0.032857 0.101429
0 0.782500 0.315714 0.063571 0.134286
0 0.847500 0.320000 0.047857 0.125714
0 0.888929 0.322143 0.037857 0.110000
0 0.968571 0.336429 0.062857 0.164286
