0 0.938000 0.204651 0.052000 0.209302
0 0.869000 0.215116 0.047333 0.197674
0 0.843333 0.144186 0.036000 0.148837
0 0.804333 0.236047 0.043333 0.206977
0 0.329333 0.238372 0.034667 0.141860
0 0.335667 0.125581 0.030000 0.116279
0 0.442667 0.175581 0.029333 0.155814
0 0.482667 0.176744 0.032000 0.153488
0 0.538667 0.201163 0.029333 0.141860
0 0.567667 0.210465 0.031333 0.169767
0 0.600000 0.172093 0.033333 0.148837
0 0.640667 0.230233 0.038667 0.176744
0 0.685333 0.181395 0.034667 0.162791
0 0.702000 0.294186 0.036000 0.174419
0 0.737333 0.194186 0.038667 0.169767
0 0.774000 0.210465 0.041333 0.179070
0 0.395667 0.213953 0.032667 0.134884
0 0.285667 0.205814 0.032667 0.127907
0 0.263333 0.261628 0.044000 0.169767
0 0.198333 0.227907 0.036667 0.162791
0 0.168667 0.191860 0.033333 0.160465
0 0.135333 0.210465 0.044000 0.193023
0 0.064000 0.219767 0.046667 0.216279
