0 0.685000 0.631250 0.073333 0.102500
0 0.710000 0.408750 0.040000 0.077500
0 0.428333 0.565000 0.050000 0.085000
0 0.459167 0.446250 0.041667 0.062500
0 0.481667 0.433750 0.030000 0.062500
0 0.545000 0.425000 0.030000 0.060000
0 0.802500 0.407500 0.035000 0.065000
0 0.842500 0.400000 0.038333 0.065000
0 0.963333 0.407500 0.033333 0.070000
0 0.312500 0.393750 0.061667 0.107500
0 0.601667 0.346250 0.056667 0.112500
0 0.355833 0.465000 0.031667 0.065000
0 0.394167 0.435000 0.035000 0.070000
0 0.223333 0.310000 0.073333 0.125000
0 0.120833 0.385000 0.048333 0.075000
0 0.015000 0.467500 0.026667 0.060000
0 0.011667 0.370000 0.020000 0.075000
